150.4138 session normal_0.6_1
150.4138 phrase can we play cards tonight
152.8864 gestureStart
152.8864 pos 0.3619632 0.4029022
152.9861 pos 0.3279915 0.407159
153.0856 pos 0.2729633 0.4365713
153.1852 pos 0.1919941 0.4592372
153.2848 pos 0.1087258 0.4637316
153.3842 pos 0.08191624 0.4700202
153.4839 pos 0.1540059 0.4655167
153.5835 pos 0.2508663 0.4546183
153.683 pos 0.3563988 0.4360802
153.7826 pos 0.4528984 0.4198505
153.8822 pos 0.5248483 0.408385
153.9818 pos 0.5791437 0.4049053
154.0813 pos 0.6325651 0.397449
154.1809 pos 0.6449892 0.3887323
154.2473 gestureEnd can
155.4921 gestureStart
155.4921 pos 0.176688 0.5684289
155.5915 pos 0.2175403 0.5942595
155.691 pos 0.26688 0.5950521
155.7408 gestureEnd we
156.9523 gestureStart
156.9523 pos 0.9458357 0.5837999
157.0519 pos 0.9472318 0.5743599
157.1515 pos 0.8800427 0.5201712
157.251 pos 0.8201914 0.4984572
157.3506 pos 0.7821897 0.4941173
157.4503 pos 0.7246086 0.5038084
157.5497 pos 0.6180598 0.5100799
157.6494 pos 0.4826561 0.5139744
157.749 pos 0.3606118 0.5161431
157.8485 pos 0.2629156 0.5116822
157.948 pos 0.2035373 0.5084652
158.0475 pos 0.1703268 0.5086643
158.1471 pos 0.1581052 0.5063129
158.2466 pos 0.154229 0.5011423
158.3462 pos 0.1559496 0.4963269
158.4457 pos 0.2177743 0.5117008
158.5453 pos 0.3277619 0.5228173
158.6448 pos 0.4376408 0.5237516
158.7444 pos 0.5149624 0.5350845
158.8439 pos 0.5429476 0.5658812
158.9435 pos 0.5519892 0.5913876
159.0431 pos 0.5571411 0.6119782
159.0764 gestureEnd play
160.3874 gestureStart
160.3874 pos 0.3359699 0.4229472
160.487 pos 0.2723953 0.451637
160.5865 pos 0.1897819 0.467427
160.6861 pos 0.1125522 0.4810352
160.7856 pos 0.08325858 0.4931754
160.8853 pos 0.1071275 0.5043592
160.9847 pos 0.1712157 0.5242326
161.0844 pos 0.2483811 0.5388234
161.1839 pos 0.3081808 0.5553136
161.2834 pos 0.3384821 0.5720167
161.383 pos 0.3393577 0.5752594
161.4825 pos 0.3142825 0.5323206
161.5821 pos 0.2924797 0.4675714
161.6816 pos 0.2949789 0.4665633
161.7811 pos 0.3070286 0.4736971
161.8807 pos 0.2769672 0.496135
161.9803 pos 0.2244705 0.4965285
162.0801 pos 0.205549 0.4896638
162.1298 gestureEnd cards
163.4754 gestureStart
163.4754 pos 0.4653599 0.597491
163.5751 pos 0.5520245 0.6071413
163.6746 pos 0.6666183 0.6087947
163.7742 pos 0.7768949 0.6100199
163.8737 pos 0.8261375 0.602234
163.9735 pos 0.8203465 0.5877901
164.073 pos 0.7801992 0.5531439
164.1725 pos 0.7131373 0.5154518
164.2722 pos 0.6522419 0.475513
164.3717 pos 0.6406444 0.4343823
164.4713 pos 0.6490701 0.4173156
164.5708 pos 0.6622729 0.4299102
164.6705 pos 0.6845562 0.492594
164.7701 pos 0.7161475 0.5401914
164.8697 pos 0.7528447 0.5738865
164.9692 pos 0.7624638 0.58623
165.0687 pos 0.7019364 0.5659639
165.1683 pos 0.5947365 0.5345566
165.2678 pos 0.4840998 0.5281709
165.3675 pos 0.4313054 0.5309752
165.467 pos 0.4715271 0.5215248
165.5666 pos 0.5481066 0.5175464
165.6662 pos 0.5988712 0.5052039
165.7657 pos 0.591826 0.505173
165.8653 pos 0.5244509 0.520428
165.9649 pos 0.4589223 0.5651507
166.0645 pos 0.4408462 0.5927771
166.164 pos 0.450926 0.5948348
166.1974 gestureEnd tonight
168.4209 gestureStart
168.4209 pos -0.1849631 0.4405996
171.7401 gestureStart
171.7401 pos -0.3000942 0.3391164
171.8397 pos -0.2802743 0.3414184
179.4399 phrase exercise is good for the mind
182.2275 gestureStart
182.2275 pos 0.2766775 0.5837988
182.327 pos 0.2735738 0.5464908
182.4265 pos 0.2581516 0.5042517
182.526 pos 0.249175 0.486973
182.6257 pos 0.249946 0.473538
182.7254 pos 0.2623123 0.4386471
182.8249 pos 0.2644609 0.4301424
182.9245 pos 0.2698627 0.4181685
183.024 pos 0.2961955 0.4220662
183.1236 pos 0.3464277 0.4122244
183.2231 pos 0.3598121 0.40531
183.3228 pos 0.3513688 0.4256331
183.4224 pos 0.3308353 0.4635147
183.5219 pos 0.316067 0.4946662
183.6214 pos 0.3016155 0.5312457
183.7212 pos 0.3024226 0.5658157
183.8207 pos 0.2998787 0.5925742
183.9202 pos 0.2840057 0.6326346
184.0196 pos 0.2980818 0.6180205
184.1191 pos 0.3483409 0.5767773
184.2187 pos 0.3587942 0.5583311
184.3183 pos 0.3360603 0.4884633
184.4179 pos 0.3174971 0.4285716
184.5175 pos 0.3328254 0.41349
184.617 pos 0.3633246 0.434839
184.7166 pos 0.4518154 0.4919304
184.8162 pos 0.5347044 0.5225708
184.9157 pos 0.6114987 0.5657393
185.015 pos 0.6906148 0.5717676
185.1148 pos 0.7412241 0.5764345
185.2143 pos 0.7560611 0.5723157
185.3139 pos 0.6609101 0.5480566
185.4136 pos 0.5147053 0.523648
185.5131 pos 0.3937392 0.504046
185.6126 pos 0.2806765 0.5026522
185.7122 pos 0.1957695 0.5011411
185.8118 pos 0.1711339 0.5090628
185.9114 pos 0.2147925 0.5210264
186.0109 pos 0.280615 0.552244
186.1105 pos 0.2901729 0.6136236
186.2101 pos 0.2818849 0.6165572
186.2765 gestureEnd exercise
187.671 gestureStart
187.671 pos 0.7121844 0.5834529
187.7707 pos 0.7180399 0.586368
187.8701 pos 0.6205683 0.568448
187.9697 pos 0.4890189 0.5557494
188.0693 pos 0.3724957 0.544897
188.1689 pos 0.2608271 0.5281665
188.2684 pos 0.1908499 0.5115712
188.3681 pos 0.1883277 0.501882
188.4177 gestureEnd is
189.5628 gestureStart
189.5628 pos 0.5202668 0.4904045
189.6624 pos 0.5772673 0.5030682
189.762 pos 0.6496889 0.5375167
189.8616 pos 0.755434 0.5638026
189.9612 pos 0.8517327 0.5680016
190.0608 pos 0.910864 0.5725198
190.1604 pos 0.8956575 0.5751944
190.2599 pos 0.8392398 0.5694491
190.3595 pos 0.7371322 0.5392026
190.459 pos 0.611672 0.5125852
190.5585 pos 0.4725276 0.4949775
190.6581 pos 0.3405824 0.4994338
190.7577 pos 0.2513737 0.5091226
190.8572 pos 0.2426408 0.508886
190.9569 pos 0.2673154 0.502196
191.0067 gestureEnd bills
193.8443 gestureStart
193.8443 pos 0.1734976 0.6971503
193.9273 select goods
195.0557 gestureStart
195.0557 pos 0.873697 0.3343534
195.1552 delete
196.0515 gestureStart
196.0515 pos 0.5186877 0.472372
196.1509 pos 0.5346487 0.4948672
196.2506 pos 0.5816758 0.536148
196.3501 pos 0.6773078 0.5427319
196.4496 pos 0.7681896 0.5497133
196.5493 pos 0.8164484 0.569945
196.6489 pos 0.8207515 0.5787466
196.7485 pos 0.8102126 0.5811091
196.848 pos 0.7672758 0.570205
196.9475 pos 0.6776531 0.5706935
197.0471 pos 0.5642349 0.5587898
197.1466 pos 0.4486572 0.5312698
197.2462 pos 0.3692745 0.5185649
197.3459 pos 0.3330853 0.513315
197.4453 pos 0.3351679 0.5135739
197.5121 gestureEnd good
198.4742 gestureStart
198.4742 pos 0.3961238 0.4962125
198.5738 pos 0.3762214 0.557737
198.6733 pos 0.3565152 0.6279294
198.7729 pos 0.3480285 0.6266484
198.8725 pos 0.3378316 0.5779118
198.972 pos 0.3329593 0.5273535
199.0717 pos 0.3099938 0.5247084
199.1711 pos 0.2908979 0.5076852
199.1879 gestureEnd free
201.1797 gestureStart
201.1797 pos 0.8270955 0.2969029
201.2295 delete
202.1753 gestureStart
202.1753 pos 0.4304814 0.4853247
202.2749 pos 0.4776167 0.4901748
202.3744 pos 0.54224 0.5233171
202.474 pos 0.6110054 0.5548919
202.5735 pos 0.6973676 0.5702767
202.6732 pos 0.7785701 0.5787499
202.7727 pos 0.8212337 0.5840783
202.8723 pos 0.7954093 0.5880398
202.9719 pos 0.7047247 0.5914776
203.0715 pos 0.5882374 0.6014876
203.171 pos 0.4755067 0.5973689
203.2706 pos 0.3957482 0.5967817
203.3702 pos 0.3487438 0.5973304
203.4698 pos 0.3457736 0.5955586
203.5194 gestureEnd four
205.6112 gestureStart
205.6112 pos 0.3455326 0.6818662
205.6777 select for
206.4241 gestureStart
206.4241 pos 0.443499 0.5906234
206.5237 pos 0.4916811 0.5661197
206.6232 pos 0.5538657 0.5263701
206.7227 pos 0.5812542 0.5049827
206.8222 pos 0.5766441 0.5009171
206.9218 pos 0.5207573 0.5141107
207.0214 pos 0.4324277 0.5351561
207.1209 pos 0.3498865 0.5677964
207.2204 pos 0.3030867 0.5732417
207.32 pos 0.293768 0.5772786
207.403 gestureEnd the
208.7466 gestureStart
208.7466 pos 0.7351436 0.3624621
208.8462 pos 0.7491899 0.3891402
208.9457 pos 0.748827 0.4511935
209.0453 pos 0.7328131 0.5063741
209.1448 pos 0.7300129 0.5393659
209.2444 pos 0.7380451 0.5654845
209.3441 pos 0.7374629 0.5866213
209.4435 pos 0.7170778 0.5687767
209.5431 pos 0.6709113 0.4747694
209.6429 pos 0.6319435 0.4426887
209.7423 pos 0.6184558 0.3971115
209.8419 pos 0.6228026 0.3902626
209.9414 pos 0.6077759 0.4024059
210.041 pos 0.5388515 0.4314957
210.1405 pos 0.4436115 0.4703936
210.2401 pos 0.3595001 0.4917943
210.3397 pos 0.2880539 0.5044988
210.4392 pos 0.2749662 0.5042076
210.4724 gestureEnd mind
214.189 gestureStart
214.189 pos -0.2673276 0.3391584
217.8564 phrase important for political parties
221.125 gestureStart
221.125 pos 0.7513046 0.5797213
221.2245 pos 0.7530947 0.5769264
221.3241 pos 0.763725 0.512608
221.4236 pos 0.7659377 0.4545705
221.5232 pos 0.7625173 0.4344604
221.6227 pos 0.7633464 0.4411499
221.7224 pos 0.8042375 0.4744207
221.8219 pos 0.8745049 0.5627967
221.9215 pos 0.9364207 0.5978681
222.021 pos 0.9467161 0.5838037
222.1207 pos 0.9184033 0.5887486
222.2203 pos 0.8496308 0.599076
222.3198 pos 0.7980825 0.5959053
222.4194 pos 0.7470465 0.5899651
222.519 pos 0.6673764 0.5880153
222.6185 pos 0.5645785 0.5935972
222.7181 pos 0.4521396 0.5946718
222.8176 pos 0.3887931 0.6006389
222.9172 pos 0.3809953 0.6006806
223.0167 pos 0.3853949 0.6008248
223.1163 pos 0.4307777 0.5989397
223.2159 pos 0.4533932 0.5999092
223.3154 pos 0.4414988 0.5935156
223.4148 pos 0.3828179 0.5683706
223.5142 pos 0.3000814 0.5537356
223.6139 pos 0.1979272 0.5337225
223.7134 pos 0.1304595 0.511844
223.8129 pos 0.1171458 0.4993448
223.9126 pos 0.1746308 0.4788803
224.0122 pos 0.2827199 0.4543481
224.1117 pos 0.3783917 0.4375046
224.2113 pos 0.4616674 0.4204406
224.3109 pos 0.5504609 0.413391
224.4105 pos 0.6309394 0.4110098
224.5101 pos 0.6621721 0.4021147
224.6096 pos 0.6221974 0.4070753
224.7091 pos 0.5670997 0.4478541
224.8087 pos 0.5317984 0.4816089
224.9082 pos 0.5142963 0.5379086
225.0078 pos 0.5047342 0.560139
225.1073 pos 0.4824894 0.576052
225.2069 pos 0.4634779 0.5936913
225.2402 gestureEnd important
226.4681 gestureStart
226.4681 pos 0.4403822 0.4880896
226.5677 pos 0.4982137 0.4991546
226.6672 pos 0.5610856 0.5245125
226.7668 pos 0.6487446 0.5487753
226.8663 pos 0.7389723 0.5624055
226.9659 pos 0.821931 0.5778121
227.0656 pos 0.8660324 0.5884287
227.1651 pos 0.8141263 0.5841922
227.2647 pos 0.706984 0.5882257
227.3642 pos 0.587908 0.5930212
227.4638 pos 0.4634994 0.5806009
227.5633 pos 0.3583903 0.5828319
227.663 pos 0.3368612 0.5891235
227.7625 gestureEnd four
229.2741 gestureStart
229.2741 pos 0.3283229 0.7003483
229.3735 pos 0.3369194 0.6928669
229.3901 select for
231.1158 gestureStart
231.1158 pos 0.9447985 0.5743113
231.2155 pos 0.8949851 0.5793982
231.3151 pos 0.840212 0.5838038
231.4146 pos 0.8285084 0.5822751
231.5142 pos 0.8312855 0.5751583
231.6138 pos 0.8772621 0.5139544
231.7133 pos 0.9127151 0.4774816
231.8129 pos 0.9044905 0.4805101
231.9293 pos 0.8359187 0.5180119
232.0286 pos 0.7778043 0.5495746
232.1283 pos 0.7364298 0.5688361
232.2278 pos 0.722583 0.5733036
232.3273 pos 0.7043439 0.577481
232.4269 pos 0.6402598 0.5761726
232.5264 pos 0.5180258 0.5795956
232.6259 pos 0.4429191 0.593292
232.7256 pos 0.4644297 0.5926112
232.8251 pos 0.5672913 0.5870507
232.9247 pos 0.666494 0.5964741
233.0243 pos 0.7102659 0.6013645
233.1239 pos 0.6951022 0.5843391
233.2235 pos 0.6328633 0.5497203
233.323 pos 0.549015 0.5138198
233.4226 pos 0.4673807 0.4483051
233.5222 pos 0.4321435 0.4216658
233.6217 pos 0.4121597 0.3881026
233.7211 pos 0.3668944 0.4027162
233.8208 pos 0.2990671 0.4001907
233.9203 pos 0.2304403 0.4270051
234.0199 pos 0.1439965 0.4779872
234.1196 pos 0.07220592 0.4900948
234.2192 pos 0.08786874 0.4905615
234.3187 pos 0.2001096 0.4906146
234.4183 pos 0.3675863 0.4887443
234.5178 pos 0.5355408 0.4867102
234.6174 pos 0.6713431 0.4948756
234.7169 pos 0.7701771 0.49857
234.8166 pos 0.8523418 0.4923044
234.916 pos 0.9261626 0.480911
235.0156 pos 0.9639467 0.4803685
235.0488 gestureEnd political
237.3885 gestureStart
237.3885 pos 0.9765865 0.5864289
237.4881 pos 0.8911978 0.575314
237.5877 pos 0.7296913 0.5557186
237.6873 pos 0.5611455 0.5386062
237.8033 pos 0.3682178 0.5216935
237.9031 pos 0.2430568 0.5136051
238.0026 pos 0.152507 0.5070973
238.1021 pos 0.104275 0.4998693
238.2017 pos 0.1262393 0.4980327
238.3013 pos 0.1988646 0.5117356
238.4008 pos 0.256286 0.5451207
238.5004 pos 0.3051316 0.5801955
238.6001 pos 0.3348409 0.579337
238.6994 pos 0.3761926 0.5771521
238.7993 pos 0.42747 0.5844612
238.8986 pos 0.4738367 0.5869465
238.9982 pos 0.5003818 0.5871639
239.0978 pos 0.5643485 0.5917681
239.1972 pos 0.6285949 0.6004329
239.297 pos 0.677985 0.5950143
239.3965 pos 0.7177916 0.588947
239.496 pos 0.7203999 0.5935038
239.5958 pos 0.6951414 0.5940242
239.6954 pos 0.6099506 0.5872882
239.7951 pos 0.5084059 0.5898103
239.8943 pos 0.4122859 0.5824767
239.994 pos 0.3291333 0.5839261
240.0935 pos 0.2671052 0.5912219
240.1931 pos 0.2506599 0.585809
240.2928 pos 0.2452714 0.5312898
240.3921 pos 0.2266744 0.5077523
240.4917 pos 0.2088406 0.5004026
240.5745 gestureEnd pairs
242.6653 gestureStart
242.6653 pos 0.133061 0.7350938
242.765 pos 0.1329437 0.6996182
242.7816 select parties
244.1087 gestureStart
244.1087 pos -0.247311 0.3824171
245.2043 phrase public transit is much faster
248.1576 gestureStart
248.1576 pos 0.9498803 0.5866843
248.2572 pos 0.8628051 0.5911979
248.3567 pos 0.7292869 0.5938526
248.4563 pos 0.6079304 0.6045483
248.5559 pos 0.550025 0.601261
248.6554 pos 0.5599393 0.595458
248.7551 pos 0.5820474 0.588725
248.8545 pos 0.594055 0.5878981
248.9541 pos 0.5785515 0.5726432
249.0536 pos 0.5523962 0.5617827
249.1532 pos 0.5315427 0.5346768
249.2526 pos 0.5054538 0.4936239
249.3522 pos 0.5028066 0.4778454
249.452 pos 0.5103047 0.4548331
249.5513 pos 0.5325422 0.4367934
249.6509 pos 0.5490981 0.4181593
249.7505 pos 0.5563902 0.3956916
249.8501 pos 0.573676 0.4023521
249.9499 pos 0.6151997 0.4519974
250.0493 pos 0.6707209 0.4923724
250.1488 pos 0.7246295 0.5413868
250.2483 pos 0.746406 0.5994414
250.348 pos 0.7425612 0.6059216
250.4477 pos 0.7545984 0.5836123
250.5471 pos 0.8293466 0.5316068
250.6467 pos 0.9177148 0.5132398
250.7463 pos 0.937992 0.5072021
250.8459 pos 0.8777267 0.4981526
250.9456 pos 0.780241 0.4990908
251.045 pos 0.6731912 0.4813998
251.1446 pos 0.579578 0.4535351
251.2441 pos 0.5011995 0.4184054
251.3438 pos 0.422837 0.4022563
251.4435 pos 0.3661731 0.4101519
251.5429 pos 0.3440231 0.4114433
251.6425 pos 0.346411 0.4118932
251.659 gestureEnd public
253.7995 gestureStart
253.7995 pos 0.4589886 0.5813422
253.8991 pos 0.4211522 0.5855493
253.9987 pos 0.374877 0.5874142
254.0982 pos 0.3415116 0.5705284
254.1977 pos 0.2887184 0.5222457
254.2973 pos 0.204086 0.5183814
254.3969 pos 0.1187159 0.5176107
254.4963 pos 0.08781733 0.5071788
254.5959 pos 0.1447294 0.4952894
254.6956 pos 0.2609302 0.4839274
254.7952 pos 0.3755011 0.4737873
254.8947 pos 0.4579402 0.4597826
254.9942 pos 0.5148136 0.4331824
255.094 pos 0.5600775 0.4077931
255.1934 pos 0.6036876 0.4036709
255.2929 pos 0.6300739 0.40655
255.3926 pos 0.6387382 0.4092056
255.4919 pos 0.5736605 0.4133922
255.5918 pos 0.4608663 0.4370907
255.6912 pos 0.3518274 0.4744155
255.7907 pos 0.2684525 0.493618
255.8903 pos 0.2301965 0.4936314
255.99 pos 0.2314688 0.4893522
256.0897 pos 0.2937511 0.4984851
256.1891 pos 0.4232881 0.5144131
256.2886 pos 0.5509068 0.5314916
256.3882 pos 0.640255 0.5592293
256.4878 pos 0.6913504 0.5774129
256.5876 pos 0.7267395 0.5797002
256.6869 pos 0.7169288 0.5777821
256.7864 pos 0.65937 0.5885562
256.8859 pos 0.5796333 0.6042168
256.9854 pos 0.5081837 0.6062577
257.0852 pos 0.4670998 0.6068232
257.1845 pos 0.4645095 0.6058075
257.2344 gestureEnd transit
259.1423 gestureStart
259.1423 pos 0.7172993 0.5990322
259.2419 pos 0.6930273 0.5765353
259.3414 pos 0.6226614 0.5093652
259.441 pos 0.5247041 0.4936869
259.5406 pos 0.4415213 0.4821811
259.6402 pos 0.3734679 0.4750244
259.7398 pos 0.3177577 0.4761242
259.8395 pos 0.2579978 0.4817525
259.939 pos 0.2035834 0.4884383
260.0385 pos 0.1962085 0.4913779
260.0883 gestureEnd ice
261.9133 gestureStart
261.9133 pos 0.1482968 0.6858281
261.9633 select is
263.357 gestureStart
263.357 pos 0.7410405 0.3971306
263.4564 pos 0.7067068 0.4043537
263.5561 pos 0.6918781 0.4485303
263.6557 pos 0.6980912 0.4907103
263.7552 pos 0.6822118 0.5457875
263.8548 pos 0.6549907 0.5865946
263.9544 pos 0.6216097 0.6099405
264.0541 pos 0.5768515 0.5879306
264.17 pos 0.4808995 0.4948524
264.2697 pos 0.3902447 0.4760734
264.3694 pos 0.3504903 0.4268798
264.4689 pos 0.390216 0.3941768
264.5685 pos 0.4276625 0.3908185
264.6681 pos 0.448926 0.4323048
264.7678 pos 0.4910232 0.4658798
264.8671 pos 0.5579194 0.4788198
264.9668 pos 0.6161661 0.4836977
265.0662 pos 0.645614 0.498397
265.0996 gestureEnd much
266.9411 gestureStart
266.9411 pos 0.3883994 0.4917852
267.0406 pos 0.363473 0.5005547
267.1403 pos 0.3156506 0.5128548
267.2398 pos 0.2192464 0.5042097
267.3393 pos 0.1473328 0.5003535
267.439 pos 0.1267093 0.5029333
267.5385 pos 0.1359066 0.5019757
267.6381 pos 0.1783945 0.4976504
267.7375 pos 0.2481117 0.5073566
267.8371 pos 0.2858148 0.5237004
267.9367 pos 0.3545944 0.5494593
268.0364 pos 0.4359889 0.5677806
268.1359 pos 0.443054 0.5862066
268.2357 pos 0.3722733 0.5923419
268.335 pos 0.2742952 0.5859936
268.4346 pos 0.2203769 0.5952097
268.5341 pos 0.2623663 0.5966321
268.6338 pos 0.3334491 0.5959755
268.7167 gestureEnd faster
270.4756 gestureStart
270.4756 pos -0.1871965 0.3712126
303.683 session normal_0.6_1
303.683 phrase this is too much to handle
306.5207 gestureStart
306.5207 pos 0.4749409 0.5960283
306.6202 pos 0.4790779 0.5892264
306.7195 pos 0.5116597 0.5455158
306.8193 pos 0.5536372 0.5175614
306.9189 pos 0.6049177 0.510398
307.0184 pos 0.6637809 0.5136474
307.1179 pos 0.6869484 0.5405275
307.2175 pos 0.7320964 0.5726588
307.3171 pos 0.7658007 0.5764357
307.4166 pos 0.7427788 0.5712959
307.5162 pos 0.6619569 0.5537399
307.6158 pos 0.5760778 0.5513456
307.7154 pos 0.4799975 0.542789
307.8149 pos 0.3819718 0.5471602
307.9146 pos 0.3076786 0.5254202
308.014 pos 0.2646253 0.5114681
308.1136 pos 0.2312513 0.5056273
308.2131 pos 0.2235321 0.5072784
308.3127 gestureEnd this
309.325 gestureStart
309.325 pos 0.7298906 0.5710547
309.4243 pos 0.6583614 0.5452927
309.5239 pos 0.5621938 0.5208048
309.6235 pos 0.4382354 0.5293691
309.7231 pos 0.3397831 0.5338343
309.8227 pos 0.2725584 0.524911
309.9223 pos 0.2296045 0.5161689
310.0219 pos 0.2022394 0.5095069
310.1214 gestureEnd is
310.8016 gestureStart
310.8016 pos 0.4528866 0.5838183
310.9012 pos 0.4675155 0.5952439
311.0008 pos 0.5259156 0.6006962
311.1003 pos 0.5740079 0.6063781
311.1999 pos 0.6407715 0.6114806
311.2995 pos 0.7233562 0.6147146
311.399 pos 0.7889606 0.6075962
311.4987 pos 0.842056 0.6031944
311.5983 pos 0.8645583 0.6008573
311.6978 pos 0.8594216 0.6058072
311.7311 gestureEnd to
313.4735 gestureStart
313.4735 pos 0.6957378 0.6909069
313.5565 select too
314.3531 gestureStart
314.3531 pos 0.7331805 0.3847509
314.4528 pos 0.7080439 0.4497817
314.5524 pos 0.6683282 0.5055506
314.6519 pos 0.637337 0.5623179
314.7515 pos 0.6187297 0.5996419
314.851 pos 0.6098702 0.5875248
314.9507 pos 0.5610031 0.5336925
315.0504 pos 0.4942874 0.4941991
315.1499 pos 0.4369642 0.4694445
315.2495 pos 0.4169568 0.4719874
315.3491 pos 0.4060469 0.4476892
315.4486 pos 0.3881283 0.4047117
315.5482 pos 0.3708177 0.3849653
315.6479 pos 0.3602057 0.3908125
315.7474 pos 0.3926049 0.4072916
315.8469 pos 0.4765534 0.4312196
315.9467 pos 0.5436698 0.4655261
316.0461 pos 0.5793415 0.4765886
316.1456 pos 0.6205382 0.4990748
316.2452 gestureEnd much
317.8551 gestureStart
317.8551 pos 0.4713765 0.5819443
317.9546 pos 0.4603972 0.6048836
318.0541 pos 0.5154662 0.6121098
318.1537 pos 0.6092208 0.6140867
318.2533 pos 0.7045283 0.6184778
318.353 pos 0.7841142 0.6160071
318.4525 pos 0.8298513 0.6084386
318.5521 pos 0.845304 0.6067691
318.6516 pos 0.8469935 0.6076566
318.7347 gestureEnd to
319.9958 gestureStart
319.9958 pos 0.5854492 0.4942202
320.0955 pos 0.5673938 0.4788673
320.1952 pos 0.494241 0.4873673
320.2946 pos 0.382198 0.4980807
320.3944 pos 0.2489 0.4967227
320.4939 pos 0.1292151 0.4979787
320.5934 pos 0.07518034 0.4968025
320.693 pos 0.1375407 0.481545
320.7926 pos 0.2551813 0.4671551
320.8921 pos 0.3815203 0.4537424
320.9916 pos 0.5157665 0.4303707
321.0912 pos 0.6170807 0.4101482
321.1908 pos 0.6666511 0.3963355
321.2904 pos 0.6512172 0.3963931
321.3899 pos 0.6093891 0.3991359
321.4895 pos 0.575487 0.4237371
321.5891 pos 0.5263399 0.4385473
321.6887 pos 0.453672 0.4543289
321.7883 pos 0.3916003 0.4916857
321.8878 pos 0.3313481 0.5156086
321.9874 pos 0.3117639 0.5066174
322.087 pos 0.3593329 0.509104
322.1866 pos 0.4959103 0.5050689
322.2862 pos 0.6525639 0.5070465
322.3858 pos 0.7977089 0.4975245
322.4854 pos 0.9030944 0.492178
322.585 pos 0.931748 0.4994309
322.6844 pos 0.9151145 0.4920709
322.7839 pos 0.7951955 0.496772
322.8835 pos 0.6122813 0.5228271
322.9831 pos 0.4323187 0.5327616
323.0826 pos 0.3231396 0.5503685
323.1823 pos 0.2365132 0.5683941
323.2818 pos 0.1935949 0.5886684
323.3814 pos 0.1965459 0.5929903
323.4644 gestureEnd handled
325.0908 gestureStart
325.0908 pos 0.3366221 0.6988899
325.1906 select handle
326.2859 gestureStart
326.2859 pos -0.234561 0.3357321
326.3853 pos -0.2440453 0.3347951
327.9456 phrase if at first you do not succeed
331.8452 gestureStart
331.8452 pos 0.7655632 0.5776488
331.9447 pos 0.7480058 0.572759
332.0442 pos 0.6889417 0.5475902
332.1438 pos 0.5922754 0.5317615
332.2433 pos 0.5085061 0.5332425
332.3429 pos 0.4421115 0.5088685
332.4425 pos 0.3999351 0.4909311
332.542 pos 0.3853583 0.4949124
332.6252 gestureEnd if
334.6328 gestureStart
334.6328 pos 0.1042375 0.5152905
334.7323 pos 0.1350422 0.5224197
334.8318 pos 0.2810731 0.5437579
334.9314 pos 0.4216809 0.5720521
335.031 pos 0.4676652 0.5764978
335.1306 pos 0.4706758 0.5763482
335.1472 gestureEnd at
336.7072 gestureStart
336.7072 pos 0.4408589 0.4929132
336.8067 pos 0.5238668 0.5071689
336.9063 pos 0.6056594 0.5273263
337.0059 pos 0.6692111 0.5464284
337.1054 pos 0.731068 0.5621536
337.205 pos 0.7757323 0.5621147
337.3045 pos 0.7814591 0.5651007
337.404 pos 0.7614582 0.5695722
337.5037 pos 0.7005891 0.5707479
337.6032 pos 0.6088646 0.5720656
337.7029 pos 0.5004579 0.5858068
337.8024 pos 0.4306986 0.5855863
337.9019 pos 0.3892398 0.5811128
338.0015 pos 0.331649 0.5693758
338.1011 pos 0.2520308 0.5251881
338.2006 pos 0.1741336 0.4883211
338.3002 pos 0.164989 0.4601978
338.3998 pos 0.2224352 0.4659649
338.4994 pos 0.2917739 0.5002582
338.599 pos 0.3371637 0.5405161
338.6985 pos 0.3824201 0.553387
338.7982 pos 0.4340377 0.5760669
338.8977 pos 0.4522313 0.6022016
338.9807 gestureEnd first
340.889 gestureStart
340.889 pos 0.5700606 0.5817736
340.9885 pos 0.5664754 0.5821204
341.0882 pos 0.5745999 0.5849538
341.1877 pos 0.646705 0.597765
341.2872 pos 0.7498285 0.5950192
341.3869 pos 0.8266336 0.5894642
341.4864 pos 0.8583379 0.5885046
341.586 pos 0.850534 0.586939
341.6856 pos 0.7770455 0.5853538
341.7851 pos 0.6973944 0.5933696
341.8846 pos 0.6668803 0.5862395
341.9841 pos 0.6635128 0.5824672
342.0009 gestureEnd you
344.2242 gestureStart
344.2242 pos 0.3559545 0.4988962
344.3238 pos 0.3500904 0.4999578
344.4233 pos 0.3315355 0.4958502
344.5229 pos 0.2771222 0.4885048
344.6225 pos 0.2664214 0.4917665
344.722 pos 0.3686987 0.5001267
344.8216 pos 0.517933 0.5090761
344.9211 pos 0.6340046 0.5241511
345.0207 pos 0.7162136 0.5433748
345.1202 pos 0.7689457 0.5675919
345.2198 pos 0.8133636 0.5808851
345.3194 pos 0.8613375 0.5885748
345.4189 pos 0.8606197 0.5894032
345.4688 gestureEnd so
346.879 gestureStart
346.879 pos 0.5254995 0.6917465
346.9456 select do
347.7917 gestureStart
347.7917 pos 0.6347985 0.4038329
347.8912 pos 0.6540841 0.4404004
347.9908 pos 0.6997778 0.4620391
348.0903 pos 0.7624516 0.5330929
348.1899 pos 0.8113054 0.6196076
348.2895 pos 0.8314613 0.6188887
348.3891 pos 0.8336738 0.6061835
348.4886 pos 0.8010257 0.5901379
348.5881 pos 0.7315594 0.5934824
348.6877 pos 0.6565157 0.59123
348.7873 pos 0.5765565 0.5953071
348.8868 pos 0.4947182 0.599781
348.9864 pos 0.4301022 0.6053956
349.0695 gestureEnd not
351.1598 gestureStart
351.1598 pos 0.2329455 0.5012782
351.2595 pos 0.2905984 0.5082725
351.3589 pos 0.3743023 0.5264648
351.4586 pos 0.4582381 0.5538546
351.5581 pos 0.516322 0.5481758
351.6578 pos 0.6063423 0.5313311
351.7572 pos 0.683521 0.5251621
351.8569 pos 0.688569 0.5253098
351.9564 pos 0.6741491 0.5258794
352.0559 pos 0.6621665 0.5368908
352.1555 pos 0.6672465 0.5614035
352.255 pos 0.6745352 0.5778157
352.3546 pos 0.6644731 0.5768715
352.4542 pos 0.6214271 0.559262
352.5537 pos 0.5618897 0.5381364
352.6535 pos 0.4989904 0.4761534
352.7528 pos 0.4460732 0.4360072
352.8526 pos 0.4228346 0.4323076
352.9521 pos 0.3978721 0.4129048
353.0515 pos 0.3670833 0.3758905
353.1514 pos 0.3521858 0.3675923
353.2506 pos 0.332096 0.3983058
353.3503 pos 0.3072624 0.4440666
353.4498 pos 0.2730143 0.5106239
353.5494 pos 0.2556632 0.6007271
353.6491 pos 0.2494887 0.604562
353.7485 pos 0.2510729 0.578232
353.8481 pos 0.2571062 0.5696879
353.9475 pos 0.3085259 0.4811406
354.0471 pos 0.3298737 0.4169026
354.1469 gestureEnd succeed
355.9403 gestureStart
355.9403 pos -0.2680081 0.3470965
356.0398 pos -0.2689342 0.3534687
357.2013 phrase my favorite subject is psychology
360.0551 gestureStart
360.0551 pos 0.7217909 0.4194192
360.1546 pos 0.6948923 0.4324146
360.2541 pos 0.6453572 0.4961114
360.3536 pos 0.5930181 0.570208
360.4531 pos 0.5678859 0.559683
360.5527 pos 0.5568044 0.5621872
360.6026 gestureEnd my
362.0292 gestureStart
362.0292 pos 0.3929979 0.4855857
362.1287 pos 0.3387257 0.4922988
362.2283 pos 0.2715185 0.49702
362.3278 pos 0.2020355 0.5055711
362.4274 pos 0.1246879 0.5106129
362.527 pos 0.08892827 0.505833
362.6266 pos 0.1214657 0.4935544
362.7261 pos 0.2056089 0.4782046
362.8257 pos 0.293877 0.4500657
362.9254 pos 0.3755217 0.4174466
363.0248 pos 0.439001 0.4059254
363.1244 pos 0.4995962 0.3918564
363.2238 pos 0.5271519 0.3966298
363.3234 pos 0.5635461 0.4308419
363.4228 pos 0.6353382 0.4536838
363.5226 pos 0.7240902 0.4750919
363.622 pos 0.7931798 0.5143569
363.7216 pos 0.8361301 0.5425
363.8211 pos 0.8545974 0.5647634
363.9206 pos 0.859484 0.5846238
364.0202 pos 0.8610896 0.5984506
364.1197 pos 0.8070468 0.5887784
364.2193 pos 0.707606 0.5932379
364.3189 pos 0.6024842 0.6031958
364.4185 pos 0.5207396 0.6000929
364.518 pos 0.4518351 0.6045632
364.6175 pos 0.3911521 0.609337
364.7171 pos 0.3610623 0.6097284
364.8166 pos 0.3700766 0.6056113
364.9163 pos 0.4544633 0.6036769
365.0157 pos 0.5780818 0.5972638
365.1153 pos 0.6744036 0.5986111
365.2148 pos 0.7291557 0.5948603
365.3144 pos 0.7410063 0.5912213
365.4139 pos 0.7035852 0.5967335
365.5136 pos 0.6159146 0.6020872
365.613 pos 0.5153264 0.5925125
365.7125 pos 0.4460479 0.5826467
365.8121 pos 0.4211582 0.5710368
365.9117 pos 0.4172681 0.5688567
366.0113 pos 0.4090618 0.5616391
366.1108 pos 0.3345692 0.5305196
366.2104 pos 0.2747996 0.5454859
366.3099 pos 0.2439989 0.5768222
366.4095 pos 0.2454155 0.5822598
366.5091 pos 0.2547455 0.5843759
366.5255 gestureEnd favorite
369.8781 gestureStart
369.8781 pos 0.2487028 0.5261772
369.9776 pos 0.3201156 0.5394166
370.0771 pos 0.3906415 0.5528169
370.1767 pos 0.4703161 0.5640126
370.2762 pos 0.5531519 0.57967
370.3758 pos 0.6112036 0.5854021
370.4753 pos 0.636942 0.5959546
370.5748 pos 0.6465641 0.5973874
370.6743 pos 0.6281193 0.5766519
370.7739 pos 0.5973153 0.5553715
370.8733 pos 0.5622385 0.5204853
370.9729 pos 0.5457859 0.4718104
371.0724 pos 0.5439216 0.4448443
371.172 pos 0.549279 0.4353466
371.2715 pos 0.5577508 0.4156775
371.3711 pos 0.5785306 0.4084543
371.4706 pos 0.6276743 0.4421158
371.57 pos 0.7003534 0.4731616
371.6696 pos 0.7352314 0.4765066
371.769 pos 0.7320516 0.4748927
371.8688 pos 0.6727072 0.487857
371.9681 pos 0.6150086 0.5097331
372.0677 pos 0.5552794 0.5360467
372.1672 pos 0.4750471 0.5651461
372.2668 pos 0.3985193 0.5986343
372.3664 pos 0.3338413 0.6077076
372.4659 pos 0.2711549 0.594597
372.5655 pos 0.2406133 0.592266
372.665 pos 0.2380714 0.5792788
372.7646 pos 0.2411579 0.4977669
372.8641 pos 0.2855222 0.4168173
372.9637 pos 0.3223595 0.4235913
373.0632 pos 0.3526934 0.441669
373.1628 pos 0.3828192 0.4874623
373.2623 pos 0.4222321 0.5572557
373.3618 pos 0.4682541 0.5895509
373.4613 pos 0.4913047 0.6184184
373.5608 pos 0.4916245 0.6208718
373.5777 gestureEnd subject
375.3689 gestureStart
375.3689 pos 0.7310916 0.5773724
375.4684 pos 0.6855641 0.5622057
375.5681 pos 0.5997522 0.539425
375.6676 pos 0.5143809 0.5283924
375.7671 pos 0.4301642 0.5239945
375.8667 pos 0.342537 0.5182432
375.9662 pos 0.2682096 0.5132742
376.0656 pos 0.236163 0.5032592
376.1653 pos 0.2354964 0.4983946
376.2151 gestureEnd is
377.5586 gestureStart
377.5586 pos 0.9108731 0.6003937
377.6582 pos 0.832867 0.5853705
377.7578 pos 0.7245708 0.5616575
377.8573 pos 0.5886934 0.5403008
377.9568 pos 0.4547994 0.5401582
378.0565 pos 0.3554296 0.5371636
378.1561 pos 0.3064224 0.5258524
378.2557 pos 0.2589861 0.5142328
378.3551 pos 0.2079391 0.5053132
378.4548 pos 0.1354257 0.5066707
378.5545 pos 0.1209586 0.5151582
378.6538 pos 0.1967341 0.5171059
378.7534 pos 0.2980301 0.5284312
378.8529 pos 0.3922632 0.5480563
378.9525 pos 0.470071 0.5617298
379.052 pos 0.5480352 0.569237
379.1515 pos 0.621973 0.5804374
379.2511 pos 0.6322232 0.5758054
379.3505 pos 0.5697192 0.5489556
379.4501 pos 0.5014387 0.50965
379.5496 pos 0.4478358 0.4641023
379.6491 pos 0.4120631 0.4198671
379.7487 pos 0.3710866 0.3936998
379.8483 pos 0.3617363 0.3927407
379.9477 pos 0.3934022 0.4283727
380.0473 pos 0.4893121 0.4693939
380.1469 pos 0.5987405 0.5021386
380.2462 pos 0.7032092 0.5325682
380.346 pos 0.7630371 0.5499285
380.4454 pos 0.7940387 0.575344
380.545 pos 0.8337209 0.601799
380.6447 pos 0.8554872 0.600757
380.744 pos 0.8594599 0.5545207
380.8437 pos 0.8721677 0.509915
380.9431 pos 0.9096636 0.5066661
381.0426 pos 0.9330869 0.5083588
381.1423 pos 0.9104553 0.5462314
381.2417 pos 0.8729898 0.5819719
381.3412 pos 0.861963 0.593471
381.4408 pos 0.8587787 0.6070254
381.5403 pos 0.8324313 0.6059826
381.6399 pos 0.7582327 0.5673642
381.7394 pos 0.6489336 0.5450854
381.8389 pos 0.5474139 0.537748
381.9385 pos 0.4853677 0.5163828
382.0381 pos 0.4757483 0.5116108
382.1376 pos 0.4873696 0.5201177
382.2372 pos 0.5161822 0.5448327
382.3367 pos 0.5349702 0.5785321
382.4362 pos 0.5362984 0.6114519
382.5358 gestureEnd psychology
384.261 gestureStart
384.261 pos -0.2220459 0.3303305
384.3604 pos -0.2211108 0.3457162
388.3416 phrase always cover all the bases
391.6262 gestureStart
391.6262 pos 0.1361898 0.5004351
391.7257 pos 0.2421019 0.5080516
391.8252 pos 0.3752282 0.5110587
391.9247 pos 0.5495634 0.5132552
392.0244 pos 0.7223288 0.5008222
392.124 pos 0.823885 0.49373
392.2234 pos 0.8650665 0.4929544
392.3231 pos 0.854942 0.4939963
392.4226 pos 0.8240481 0.4991861
392.5221 pos 0.758855 0.5107374
392.6215 pos 0.6615655 0.5243075
392.7211 pos 0.5440306 0.5422594
392.8206 pos 0.4372916 0.5544443
392.9202 pos 0.3510353 0.5654867
393.0197 pos 0.2971325 0.5803495
393.1191 pos 0.2759323 0.5890256
393.2187 pos 0.237479 0.5990278
393.3182 pos 0.2015425 0.5992461
393.4179 pos 0.1755653 0.6034452
393.5174 pos 0.148126 0.5866425
393.6169 pos 0.05842385 0.552906
393.7165 pos 0.004172754 0.5344238
393.816 pos 0.009744311 0.5309357
393.9155 pos 0.05757499 0.5297596
394.0151 pos 0.1113436 0.5295076
394.1146 pos 0.1924222 0.5264065
394.2141 pos 0.2889093 0.5501007
394.3137 pos 0.3821872 0.5667031
394.4131 pos 0.4680428 0.572324
394.5128 pos 0.5387641 0.5781112
394.6122 pos 0.5739868 0.5852882
394.7117 pos 0.5519938 0.5841739
394.8113 pos 0.4914914 0.5587627
394.9108 pos 0.4279961 0.5331461
395.0103 pos 0.3628034 0.5181414
395.11 pos 0.29459 0.5147251
395.2096 pos 0.2312088 0.5030636
395.3091 pos 0.1852956 0.4868318
395.4085 pos 0.1833863 0.4882861
395.4587 gestureEnd always
397.648 gestureStart
397.648 pos 0.4029599 0.4037206
397.7477 pos 0.4107999 0.4053844
397.8473 pos 0.4338264 0.413869
397.9467 pos 0.4746389 0.4394415
398.0463 pos 0.5685582 0.4816776
398.1459 pos 0.671745 0.5148403
398.2454 pos 0.7739203 0.5405589
398.345 pos 0.8363914 0.5645075
398.4445 pos 0.8421497 0.5761008
398.544 pos 0.7991166 0.5582342
398.6436 pos 0.7023131 0.5038364
398.7431 pos 0.5871566 0.464458
398.8427 pos 0.4945875 0.4453571
398.9422 pos 0.4432581 0.4251559
399.0418 pos 0.4285729 0.4133534
399.1412 pos 0.4282688 0.4161281
399.2406 pos 0.4188836 0.438691
399.3403 pos 0.3632317 0.4682645
399.4398 pos 0.3116261 0.5663728
399.5394 pos 0.2819639 0.6087946
399.6389 pos 0.2667494 0.596904
399.7384 pos 0.2918717 0.5881556
399.8381 pos 0.3626386 0.5931177
399.9375 pos 0.4001618 0.6019367
399.9541 gestureEnd convert
401.7458 gestureStart
401.7458 pos 0.1537956 0.6872184
401.7957 select cover
402.4258 gestureStart
402.4258 pos 0.1340383 0.5015865
402.5253 pos 0.1612123 0.5157576
402.6249 pos 0.2515453 0.5311816
402.7245 pos 0.5028346 0.5207
402.8241 pos 0.7053396 0.4980409
402.9236 pos 0.8031744 0.4953673
403.0231 pos 0.8681316 0.4921174
403.1227 pos 0.9136983 0.4835612
403.2221 pos 0.9201549 0.4786002
403.3217 pos 0.9176193 0.4796723
403.4212 pos 0.9068585 0.485805
403.5207 pos 0.9002086 0.4876173
403.5539 gestureEnd all
405.4616 gestureStart
405.4616 pos 0.4629139 0.5987806
405.5611 pos 0.4776546 0.5848425
405.6607 pos 0.5359174 0.544527
405.7602 pos 0.596625 0.5221995
405.8597 pos 0.6135159 0.5216466
405.9594 pos 0.6105224 0.5162102
406.0588 pos 0.5512927 0.5339383
406.1583 pos 0.4807627 0.5534338
406.2579 pos 0.3855559 0.5737517
406.3575 pos 0.2946435 0.5852926
406.457 pos 0.2386076 0.5927089
406.5565 pos 0.2493525 0.5972093
406.6064 gestureEnd three
408.3318 gestureStart
408.3318 pos 0.3475454 0.6700129
408.4148 select the
409.46 gestureStart
409.46 pos 0.5370016 0.391698
409.5595 pos 0.520537 0.3974436
409.659 pos 0.4417939 0.4245092
409.7586 pos 0.3424701 0.4356402
409.8581 pos 0.2498884 0.4462467
409.9576 pos 0.1578478 0.4675793
410.0574 pos 0.1153672 0.4816583
410.1568 pos 0.1182102 0.4801637
410.2564 pos 0.1482467 0.4638363
410.3559 pos 0.1917696 0.4541968
410.4554 pos 0.2150235 0.4516826
410.555 pos 0.232693 0.4918863
410.6547 pos 0.2575986 0.5692918
410.7546 pos 0.266005 0.5893371
410.8538 pos 0.2605865 0.5754943
410.9532 pos 0.2376219 0.5153771
411.0528 pos 0.2241496 0.5028309
411.1523 pos 0.2227235 0.5153487
411.1855 gestureEnd bases
412.828 gestureStart
412.828 pos -0.2905532 0.3349649
437.8943 session normal_0.6_1
437.8943 phrase you should visit a doctor
440.0519 gestureStart
440.0519 pos 0.5769036 0.5869516
440.1515 pos 0.6470296 0.5855224
440.251 pos 0.7438828 0.5877476
440.3505 pos 0.8313767 0.594414
440.4501 pos 0.8703827 0.5934014
440.5498 pos 0.8506677 0.5957841
440.6494 pos 0.7791098 0.5984141
440.749 pos 0.7173489 0.6011564
440.8485 pos 0.6815056 0.5918201
440.948 pos 0.6779481 0.5847575
441.0477 pos 0.6363474 0.5685211
441.1473 pos 0.5473233 0.5613611
441.2469 pos 0.4633737 0.5364581
441.3464 pos 0.3855381 0.5146846
441.446 pos 0.3082117 0.5096166
441.5455 pos 0.2285467 0.5158852
441.6453 pos 0.2085706 0.50936
441.7448 pos 0.2581375 0.4923457
441.8442 pos 0.3365254 0.4932821
441.9439 pos 0.4364758 0.4924652
442.0435 pos 0.5299019 0.4878468
442.143 pos 0.5563738 0.486526
442.2425 pos 0.5827525 0.480377
442.3423 pos 0.6359693 0.4913367
442.4418 pos 0.703663 0.5138386
442.5414 pos 0.780853 0.5330013
442.641 pos 0.8278366 0.5521792
442.7405 pos 0.8469672 0.5623589
442.8401 pos 0.8237408 0.583467
442.9396 pos 0.7600722 0.5948959
443.0391 pos 0.697939 0.5885919
443.1388 pos 0.6397101 0.566978
443.2383 pos 0.6304192 0.5645565
443.3378 pos 0.6868792 0.5487202
443.4375 pos 0.7616156 0.5413004
443.537 pos 0.8223708 0.5343263
443.6364 pos 0.8690681 0.5125602
443.7361 pos 0.8945067 0.4952521
443.8357 pos 0.900358 0.492168
443.9352 pos 0.8861709 0.4963846
444.0348 pos 0.8078988 0.5025203
444.1344 pos 0.6901922 0.5034288
444.2339 pos 0.5606694 0.5022609
444.3334 pos 0.4441015 0.4989797
444.4331 pos 0.3515773 0.49863
444.5325 pos 0.2951785 0.486192
444.6322 pos 0.2789569 0.4856465
444.6819 gestureEnd formula
446.4409 gestureStart
446.4409 pos 0.9282713 0.3176696
446.524 delete
447.2704 gestureStart
447.2704 pos 0.5560343 0.5866858
447.37 pos 0.6130251 0.5957642
447.4696 pos 0.7169725 0.5959237
447.5692 pos 0.8214547 0.5968332
447.6688 pos 0.8511786 0.604374
447.7683 pos 0.8067166 0.6074085
447.8679 pos 0.7198032 0.6070442
447.9674 pos 0.6543483 0.6119925
448.0669 pos 0.6386682 0.6032621
448.1002 gestureEnd you
449.3278 gestureStart
449.3278 pos 0.2704014 0.4841386
449.4273 pos 0.3605175 0.4893873
449.5269 pos 0.457287 0.5016931
449.6265 pos 0.5514061 0.5135751
449.726 pos 0.624124 0.5198907
449.8257 pos 0.6583191 0.5193134
449.9252 pos 0.6793984 0.5423518
450.0247 pos 0.7383224 0.5643455
450.1242 pos 0.8110281 0.5720102
450.2238 pos 0.8685788 0.5841717
450.3234 pos 0.8548139 0.5810814
450.4229 pos 0.7780117 0.5808054
450.5226 pos 0.6990643 0.5684174
450.6222 pos 0.658746 0.569155
450.7217 pos 0.6529222 0.5673582
450.8211 pos 0.6987424 0.5593157
450.9207 pos 0.7900693 0.530591
451.0202 pos 0.8809149 0.5044843
451.1198 pos 0.9334787 0.4971319
451.2194 pos 0.8911777 0.5036049
451.3189 pos 0.7455302 0.5166867
451.4185 pos 0.5626208 0.526439
451.5181 pos 0.401529 0.5462056
451.6176 pos 0.3019106 0.5310408
451.7173 pos 0.2795724 0.5179257
451.8168 pos 0.2895987 0.5133504
451.9164 gestureEnd could
453.4606 gestureStart
453.4606 pos 0.2836352 0.7103918
453.5602 pos 0.2876252 0.711921
453.6266 select should
454.4727 gestureStart
454.4727 pos 0.4430918 0.4154034
454.5723 pos 0.4999236 0.4564391
454.6718 pos 0.5818747 0.5073685
454.7715 pos 0.6890885 0.5452892
454.871 pos 0.7895958 0.5520053
454.9706 pos 0.826978 0.5538003
455.0702 pos 0.7689683 0.5524696
455.1697 pos 0.6467639 0.5368626
455.2693 pos 0.5172691 0.5140633
455.3688 pos 0.3919588 0.5103335
455.4684 pos 0.2812223 0.5086409
455.568 pos 0.2165501 0.4982571
455.6674 pos 0.2405609 0.4907276
455.767 pos 0.3319122 0.5076548
455.8669 pos 0.4486671 0.5393198
455.9662 pos 0.5719985 0.554508
456.0657 pos 0.6774943 0.572959
456.1653 pos 0.7544235 0.5946112
456.2648 pos 0.7572414 0.5916581
456.3645 pos 0.6709515 0.5845383
456.4639 pos 0.571211 0.5956451
456.5634 pos 0.4995891 0.6121908
456.663 pos 0.4795694 0.6034169
456.7625 pos 0.4756185 0.6028058
456.7959 gestureEnd visit
458.5051 gestureStart
458.5051 pos 0.1175559 0.5204828
458.6045 pos 0.1365942 0.5170695
458.6212 gestureEnd a
459.6168 gestureStart
459.6168 pos 0.3276539 0.5012828
459.7163 pos 0.3910324 0.5232785
459.8161 pos 0.4974001 0.5489579
459.9155 pos 0.6395847 0.5668136
460.0151 pos 0.7673755 0.5817023
460.1146 pos 0.8463821 0.5883349
460.2142 pos 0.8501005 0.5825732
460.3138 pos 0.7858605 0.565289
460.4134 pos 0.6667773 0.5341977
460.5129 pos 0.5814513 0.5010606
460.6125 pos 0.5362799 0.427956
460.7119 pos 0.4761764 0.3714684
460.8116 pos 0.4217809 0.3708813
460.911 pos 0.4179588 0.3697281
461.0106 pos 0.4181523 0.3682271
461.1105 pos 0.3990807 0.3687964
461.2098 pos 0.3858047 0.3792528
461.3094 pos 0.3915219 0.3886214
461.409 pos 0.39069 0.4273606
461.5085 pos 0.3941706 0.5046183
461.6084 pos 0.408658 0.5411211
461.7078 pos 0.4579273 0.5581383
461.8074 pos 0.5386645 0.5972352
461.9069 pos 0.6418399 0.6372993
462.0065 pos 0.7502723 0.6529887
462.1063 pos 0.8383675 0.6491621
462.2057 pos 0.8830099 0.6278479
462.3053 pos 0.8760847 0.6121102
462.4048 pos 0.7916651 0.6130756
462.5045 pos 0.6735889 0.6176405
462.6043 pos 0.5521533 0.6165752
462.7036 pos 0.4513907 0.6160601
462.8032 pos 0.38476 0.612666
462.9028 pos 0.3453431 0.6125348
463.0023 pos 0.3407242 0.6119595
463.0355 gestureEnd doctor
464.7296 gestureStart
464.7296 pos -0.2649699 0.3635253
466.771 phrase in sharp contrast to your words
469.6417 gestureStart
469.6417 pos 0.7453264 0.5837749
469.7412 pos 0.7124596 0.5287052
469.8408 pos 0.6637988 0.4823385
469.9404 pos 0.6352425 0.4192343
470.0399 pos 0.6403986 0.3950921
470.1396 pos 0.6369171 0.3993214
470.1562 gestureEnd in
471.7825 gestureStart
471.7825 pos 0.2023343 0.5091889
471.8821 pos 0.2013821 0.5086403
471.9817 pos 0.2382427 0.5122975
472.0811 pos 0.3482164 0.5063952
472.1807 pos 0.4340015 0.4889542
472.2803 pos 0.4614651 0.4862651
472.3799 pos 0.5055378 0.491956
472.4795 pos 0.5550348 0.4951751
472.579 pos 0.5981856 0.4960631
472.6786 pos 0.6032301 0.4949151
472.7782 pos 0.5141165 0.4957522
472.8777 pos 0.3708591 0.506152
472.9773 pos 0.2309216 0.5112367
473.0769 pos 0.1423018 0.512596
473.1764 pos 0.1230031 0.5214305
473.2759 pos 0.1339571 0.5441792
473.3756 pos 0.1997043 0.5587633
473.4751 pos 0.2710633 0.5813652
473.5747 pos 0.3321969 0.6054277
473.6743 pos 0.3844827 0.62291
473.7738 pos 0.4579033 0.6298828
473.8734 pos 0.5483792 0.6251312
473.9729 pos 0.6511585 0.6175792
474.0725 pos 0.7428325 0.6202621
474.1721 pos 0.8285489 0.6253309
474.2717 pos 0.895995 0.6213397
474.3712 pos 0.9488014 0.6158335
474.4708 pos 0.9577571 0.6114147
474.5705 gestureEnd sharp
476.4287 gestureStart
476.4287 pos 0.373434 0.3990425
476.5283 pos 0.3742239 0.4004613
476.6278 pos 0.3949793 0.4196402
476.7273 pos 0.5058024 0.476076
476.8269 pos 0.6507538 0.505987
476.9266 pos 0.7558441 0.53303
477.0262 pos 0.8127586 0.5524539
477.1256 pos 0.8172972 0.5621864
477.2251 pos 0.8178136 0.5796877
477.3247 pos 0.8134224 0.5691085
477.4243 pos 0.7653223 0.5059009
477.5239 pos 0.6958803 0.46017
477.6233 pos 0.6363016 0.4276717
477.7229 pos 0.6080938 0.4081671
477.8225 pos 0.5963396 0.411166
477.922 pos 0.5477594 0.4494194
478.0217 pos 0.4538906 0.4715417
478.1212 pos 0.3758523 0.4960504
478.2207 pos 0.3542505 0.5255123
478.3202 pos 0.3709648 0.532265
478.4198 pos 0.3971075 0.5509107
478.5193 pos 0.416093 0.5785881
478.6188 pos 0.4251822 0.6085703
478.7184 pos 0.4179574 0.6124458
478.8179 pos 0.3605572 0.6163637
478.9175 pos 0.3135412 0.6071358
479.0171 pos 0.2982927 0.5889708
479.1166 pos 0.2882958 0.5521056
479.2161 pos 0.2294548 0.5212123
479.3157 pos 0.1934612 0.5107659
479.4152 pos 0.1786346 0.5012699
479.5148 pos 0.1295953 0.4930727
479.6143 pos 0.09229326 0.4911849
479.7139 pos 0.1097276 0.4889309
479.8135 pos 0.1759128 0.4885352
479.913 pos 0.2438035 0.4971783
480.0125 pos 0.2905791 0.5127013
480.1121 pos 0.3488446 0.5494415
480.2115 pos 0.420379 0.5747491
480.3112 pos 0.4806629 0.5951101
480.4107 pos 0.4961266 0.603102
480.477 gestureEnd contract
482.4013 gestureStart
482.4013 pos 0.4873091 0.5819594
482.501 pos 0.5167627 0.5856882
482.6005 pos 0.6040366 0.5971198
482.6999 pos 0.7192588 0.6036565
482.7995 pos 0.8065018 0.5975396
482.899 pos 0.8224314 0.5811827
482.9986 pos 0.8237237 0.5777139
483.065 gestureEnd to
484.0106 gestureStart
484.0106 pos 0.5504986 0.585884
484.1102 pos 0.5490528 0.5888647
484.2097 pos 0.6001369 0.5960761
484.3092 pos 0.6924754 0.5983661
484.4088 pos 0.7768286 0.6024548
484.5083 pos 0.8334185 0.6091449
484.6078 pos 0.8759842 0.6073465
484.7074 pos 0.8752656 0.6045184
484.807 pos 0.7953669 0.6041086
484.9065 pos 0.7000372 0.6062461
485.006 pos 0.6549065 0.6043391
485.1055 pos 0.6296048 0.5966102
485.2051 pos 0.5967408 0.5971381
485.3047 pos 0.5425658 0.6047978
485.4042 pos 0.4568496 0.6091856
485.5037 pos 0.3677385 0.6154976
485.6033 pos 0.3502924 0.6142309
485.7028 pos 0.372553 0.6118168
485.7362 gestureEnd your
487.5775 gestureStart
487.5775 pos 0.1590993 0.6024395
487.677 pos 0.218081 0.6091421
487.7766 pos 0.3412277 0.6250025
487.8761 pos 0.5012368 0.6375299
487.9757 pos 0.628387 0.6524857
488.0753 pos 0.7347215 0.6757805
488.1749 pos 0.7999756 0.6743886
488.2745 pos 0.8235328 0.6682503
488.374 pos 0.8358617 0.6419013
488.4736 pos 0.8503451 0.5971916
488.5732 pos 0.8543487 0.5891679
488.6726 pos 0.817801 0.5876767
488.7722 pos 0.7137508 0.5953274
488.8717 pos 0.5896606 0.5940915
488.9712 pos 0.4882626 0.5988784
489.0707 pos 0.4224394 0.6029518
489.1703 pos 0.402589 0.6001491
489.27 pos 0.3659643 0.582399
489.3693 pos 0.3030309 0.5580344
489.469 pos 0.2463491 0.517167
489.5685 pos 0.2314695 0.4769159
489.6681 pos 0.2198175 0.4843071
489.7677 pos 0.1772564 0.5033544
489.8506 gestureEnd words
491.493 gestureStart
491.493 pos -0.2451365 0.3269489
491.5923 pos -0.2499505 0.3276015
497.0173 phrase house with new electrical panel
500.4349 gestureStart
500.4349 pos 0.5934184 0.4780505
500.5345 pos 0.5897416 0.4801206
500.634 pos 0.6021075 0.4868484
500.7335 pos 0.6662857 0.5056139
500.8331 pos 0.7386556 0.5250747
500.9326 pos 0.8026547 0.5511938
501.0323 pos 0.8417948 0.5791008
501.1318 pos 0.8528624 0.593389
501.2313 pos 0.8318155 0.5997115
501.3308 pos 0.7611134 0.6087193
501.4305 pos 0.6925746 0.6090295
501.5299 pos 0.6334354 0.6016979
501.6294 pos 0.598047 0.5882428
501.7289 pos 0.5359291 0.5614962
501.8285 pos 0.4338588 0.5478711
501.9279 pos 0.3411839 0.5435774
502.0278 pos 0.3023155 0.5466239
502.1271 pos 0.2983842 0.5420825
502.2267 pos 0.2416877 0.5345517
502.3262 pos 0.207765 0.5333328
502.4258 pos 0.2049095 0.5346846
502.5254 pos 0.2243071 0.5499821
502.6248 pos 0.23957 0.5830513
502.7245 pos 0.2423151 0.6005
502.7909 gestureEnd house
504.6154 gestureStart
504.6154 pos 0.191605 0.5708143
504.7149 pos 0.2517449 0.577539
504.8145 pos 0.3837051 0.5822737
504.914 pos 0.5214193 0.5838429
505.0135 pos 0.6335231 0.5884753
505.1131 pos 0.7166604 0.6098202
505.2126 pos 0.7516389 0.60473
505.3122 pos 0.7381325 0.5996358
505.4117 pos 0.6684526 0.6022019
505.5112 pos 0.5786204 0.6091289
505.6107 pos 0.4900852 0.6092426
505.7104 pos 0.4413187 0.6009933
505.8098 pos 0.458825 0.5967593
505.9095 pos 0.5356057 0.5835085
506.009 pos 0.5996983 0.5624261
506.1085 pos 0.6430327 0.5256892
506.2081 pos 0.6397383 0.4951986
506.3076 pos 0.6291452 0.4932827
506.3243 gestureEnd worth
508.6303 gestureStart
508.6303 pos 0.6955338 0.6972708
508.6801 select with
510.2559 gestureStart
510.2559 pos 0.6415287 0.377832
510.3554 pos 0.6447539 0.3822422
510.4549 pos 0.6297083 0.3943297
510.5545 pos 0.5782286 0.4212532
510.6541 pos 0.5220333 0.4548579
510.7536 pos 0.45968 0.4882966
510.8532 pos 0.3721375 0.5339687
510.9528 pos 0.2577773 0.5822667
511.0523 pos 0.192557 0.5975955
511.1518 pos 0.1745051 0.5979155
511.2513 pos 0.1680926 0.6036537
511.3011 gestureEnd new
514.038 gestureStart
514.038 pos 0.2758974 0.5617837
514.1375 pos 0.2906239 0.5599104
514.2369 pos 0.356736 0.5665753
514.3365 pos 0.4698634 0.5688847
514.436 pos 0.5755498 0.545005
514.5357 pos 0.6743273 0.5140011
514.6352 pos 0.7862015 0.5050943
514.7348 pos 0.8866566 0.5121641
514.8342 pos 0.9570915 0.5115668
514.9338 pos 0.9511517 0.5067929
515.0333 pos 0.8368406 0.5040227
515.1329 pos 0.6986881 0.5264866
515.2324 pos 0.5661529 0.5424625
515.332 pos 0.4556485 0.5541524
515.4315 pos 0.3651976 0.568918
515.531 pos 0.2878301 0.582483
515.6306 pos 0.2510084 0.5904192
515.7301 pos 0.2603807 0.5669373
515.8296 pos 0.2909454 0.5089915
515.9292 pos 0.2945946 0.479064
516.0287 pos 0.3188983 0.4333287
516.1283 pos 0.3577892 0.395577
516.2278 pos 0.3840067 0.3972513
516.3274 pos 0.3883193 0.4475197
516.4269 pos 0.3965173 0.5207522
516.5264 pos 0.4426082 0.5622784
516.626 pos 0.4739372 0.5734508
516.7256 pos 0.4425029 0.6065754
516.8251 pos 0.3708063 0.6233404
516.9246 pos 0.3160939 0.611587
517.0241 pos 0.3480924 0.6055268
517.1236 pos 0.4570259 0.6081052
517.2231 pos 0.5854726 0.6158643
517.3226 pos 0.6955593 0.6169828
517.4222 pos 0.7491193 0.6136304
517.5219 pos 0.7415519 0.6060495
517.6213 pos 0.627175 0.5923484
517.7209 pos 0.5113805 0.5725995
517.8204 pos 0.436902 0.5082602
517.92 pos 0.4017693 0.4468426
518.0195 pos 0.3828369 0.4267122
518.1191 pos 0.3557344 0.4149971
518.2188 pos 0.279775 0.4157602
518.3182 pos 0.1811301 0.4449139
518.4177 pos 0.08936568 0.4677571
518.5173 pos 0.06774449 0.486302
518.6168 pos 0.1519789 0.4911131
518.7162 pos 0.3284982 0.4888773
518.8157 pos 0.5139126 0.4957932
518.9153 pos 0.6722202 0.5118013
519.0148 pos 0.8058302 0.509533
519.1144 pos 0.8972353 0.5006831
519.2139 pos 0.9376475 0.4918795
519.3136 gestureEnd electrical
521.0554 gestureStart
521.0554 pos 1.003303 0.5635504
521.1548 pos 0.9765494 0.5678128
521.2543 pos 0.8855755 0.5709987
521.354 pos 0.7615914 0.5605111
521.4534 pos 0.6026945 0.5405003
521.553 pos 0.4430995 0.5255246
521.6526 pos 0.3121291 0.5256185
521.7522 pos 0.2255154 0.5236858
521.8517 pos 0.197483 0.5162005
521.9679 pos 0.1715297 0.5103629
522.0676 pos 0.1161377 0.5092652
522.1671 pos 0.06764493 0.5052969
522.2666 pos 0.09338937 0.5002637
522.3662 pos 0.2370903 0.4853855
522.4657 pos 0.3830346 0.4644307
522.5652 pos 0.5018926 0.4413961
522.6646 pos 0.5967793 0.4235287
522.7643 pos 0.675128 0.414397
522.8641 pos 0.7141069 0.409235
522.9634 pos 0.6825357 0.4275852
523.0629 pos 0.6052374 0.4598262
523.1625 pos 0.5182538 0.4934029
523.262 pos 0.4275843 0.5279989
523.3618 pos 0.3332748 0.5552356
523.4612 pos 0.2600515 0.5772693
523.5607 pos 0.2474693 0.5814272
523.6603 pos 0.3285763 0.578032
523.7599 pos 0.4979141 0.5662208
523.8596 pos 0.6645703 0.5510811
523.9589 pos 0.7919952 0.5316796
524.0584 pos 0.8630499 0.5130447
524.158 pos 0.8912926 0.5117059
524.241 gestureEnd panel
525.7672 gestureStart
525.7672 pos -0.1728106 0.3483788
525.8667 pos -0.1830221 0.3469574
527.1442 phrase the assignment is due today
530.3293 gestureStart
530.3293 pos 0.4554982 0.5826808
530.4288 pos 0.51471 0.5661116
530.5284 pos 0.5936617 0.5243268
530.6279 pos 0.6397526 0.5166662
530.7274 pos 0.6322757 0.5231414
530.827 pos 0.5708039 0.5411185
530.9265 pos 0.492214 0.5585836
531.0261 pos 0.4051504 0.5756636
531.1257 pos 0.3265286 0.5870397
531.225 pos 0.2703885 0.5953516
531.3246 pos 0.2542313 0.5939155
531.4242 pos 0.2439316 0.5774773
531.5237 pos 0.2316991 0.5671944
531.5735 gestureEnd three
533.1493 gestureStart
533.1493 pos 0.2698942 0.6998899
533.2158 select the
533.8625 gestureStart
533.8625 pos 0.104083 0.4934592
533.9622 pos 0.1236198 0.4986205
534.0617 pos 0.1927495 0.5004895
534.1612 pos 0.2272104 0.4989589
534.2607 pos 0.2316534 0.500087
534.3603 pos 0.2296515 0.5009401
534.4598 pos 0.2285928 0.5018811
534.5593 pos 0.240821 0.5125149
534.659 pos 0.3207176 0.5322835
534.7584 pos 0.4528828 0.557838
534.858 pos 0.577274 0.576263
534.9573 pos 0.6659432 0.5797694
535.0571 pos 0.7288015 0.5810742
535.1565 pos 0.7726669 0.5803797
535.256 pos 0.7551301 0.571739
535.3556 pos 0.6621445 0.5561841
535.455 pos 0.5407121 0.5366871
535.5546 pos 0.4497424 0.5184443
535.6541 pos 0.4547181 0.5132707
535.7536 pos 0.535509 0.5024041
535.8532 pos 0.6200336 0.4687199
535.9528 pos 0.6691361 0.4306626
536.0523 pos 0.7044065 0.3972829
536.1519 pos 0.7176239 0.3870671
536.2514 pos 0.7137731 0.4032209
536.351 pos 0.6562891 0.441851
536.4504 pos 0.5464754 0.4809352
536.55 pos 0.4372876 0.5209444
536.6495 pos 0.3551549 0.5490431
536.7491 pos 0.301694 0.5637336
536.8486 pos 0.2741829 0.5764457
536.9481 pos 0.2495658 0.584948
537.0477 pos 0.2985027 0.5502783
537.1472 pos 0.4232167 0.480464
537.2466 pos 0.5523847 0.4261388
537.3461 pos 0.6367456 0.4121546
537.4456 pos 0.681725 0.4102114
537.5452 pos 0.6661498 0.4466517
537.6447 pos 0.5927248 0.4951592
537.7442 pos 0.5212395 0.5395278
537.8436 pos 0.4805503 0.5834013
537.9432 pos 0.4769622 0.5964823
537.9766 gestureEnd assignment
539.7014 gestureStart
539.7014 pos 0.7381975 0.5855318
539.8009 pos 0.6325863 0.5671244
539.9003 pos 0.5059073 0.557907
539.9999 pos 0.400598 0.5418942
540.0995 pos 0.3246928 0.5336908
540.1989 pos 0.2722624 0.5326035
540.2985 pos 0.2449507 0.5272461
540.398 pos 0.2058196 0.5178878
540.4976 pos 0.1859905 0.5067062
540.564 gestureEnd is
541.559 gestureStart
541.559 pos 0.3147656 0.5042983
541.6586 pos 0.3903485 0.5146682
541.7582 pos 0.4972183 0.5337474
541.8576 pos 0.5977591 0.5633624
541.9572 pos 0.6628234 0.574823
542.0566 pos 0.6620219 0.572796
542.1561 pos 0.5904517 0.572895
542.2556 pos 0.4868802 0.579891
542.3552 pos 0.3795938 0.5874096
542.4546 pos 0.3013733 0.5868092
542.5541 pos 0.2780593 0.5787634
542.6537 pos 0.2803434 0.5800878
542.6703 gestureEnd due
544.2787 gestureStart
544.2787 pos 0.5027109 0.5909618
544.3782 pos 0.5872935 0.6048157
544.4779 pos 0.7042673 0.6080953
544.5773 pos 0.8121144 0.6044327
544.6768 pos 0.8649722 0.600568
544.7764 pos 0.8496693 0.5973473
544.876 pos 0.7407026 0.5754328
544.9753 pos 0.6128579 0.5506147
545.0749 pos 0.4817138 0.5431737
545.1744 pos 0.3616045 0.5337095
545.274 pos 0.3000263 0.5218016
545.3735 pos 0.3037083 0.5136823
545.4731 pos 0.2835729 0.5083062
545.5727 pos 0.1558256 0.5139647
545.6721 pos 0.0901043 0.5076487
545.7716 pos 0.177653 0.5069752
545.8712 pos 0.2980053 0.5312452
545.9706 pos 0.37823 0.5565888
546.0702 pos 0.4436214 0.576971
546.1697 pos 0.513326 0.5863432
546.2692 pos 0.5758809 0.5929943
546.3687 pos 0.5890298 0.5940475
546.402 gestureEnd today
548.5913 gestureStart
548.5913 pos -0.1895331 0.3656679
568.7599 session normal_0.6_1
568.7599 phrase my car always breaks in the winter
572.8253 gestureStart
572.8253 pos 0.7689368 0.407035
572.9249 pos 0.7428389 0.4337362
573.0244 pos 0.7063653 0.4984061
573.1241 pos 0.6850876 0.6265499
573.2236 pos 0.6516549 0.6511143
573.3232 pos 0.6294765 0.6510172
573.4229 pos 0.611494 0.6428491
573.5222 pos 0.5887824 0.632691
573.6219 pos 0.5689188 0.6269905
573.705 gestureEnd my
575.3809 gestureStart
575.3809 pos 0.3654439 0.4010974
575.4804 pos 0.3461505 0.4031363
575.58 pos 0.3060759 0.4118981
575.6795 pos 0.2322706 0.4340461
575.7791 pos 0.1651991 0.4641803
575.8786 pos 0.1450586 0.473333
575.9782 pos 0.1182776 0.5051503
576.0778 pos 0.08933306 0.51903
576.1773 pos 0.1414934 0.5089055
576.2768 pos 0.2152851 0.5342409
576.3765 pos 0.2459709 0.5728472
576.4761 pos 0.2972762 0.5733365
576.5757 pos 0.3590884 0.5775813
576.6754 pos 0.3783908 0.5836811
576.6918 gestureEnd car
578.7505 gestureStart
578.7505 pos 0.1197834 0.4791062
578.8502 pos 0.2082196 0.4943528
578.9498 pos 0.3952467 0.4841837
579.0494 pos 0.5911947 0.4808665
579.1489 pos 0.7644542 0.4995863
579.2485 pos 0.8711932 0.495262
579.348 pos 0.900227 0.4859664
579.4475 pos 0.8259846 0.4883154
579.5472 pos 0.6870519 0.5013104
579.6467 pos 0.5337421 0.5182008
579.7463 pos 0.4230686 0.5197298
579.8458 pos 0.3144636 0.5456697
579.9454 pos 0.2182318 0.5767255
580.045 pos 0.156263 0.5916179
580.1446 pos 0.1156744 0.5883165
580.2441 pos 0.09155001 0.5500098
580.3439 pos 0.06922426 0.505859
580.4433 pos 0.07124009 0.502315
580.5428 pos 0.152742 0.5351191
580.6424 pos 0.2625068 0.5530899
580.7421 pos 0.3753298 0.5540988
580.8417 pos 0.4586885 0.5550109
580.941 pos 0.5214592 0.5683032
581.0407 pos 0.5347906 0.5790519
581.1403 pos 0.5079633 0.5727783
581.2399 pos 0.4168462 0.5457758
581.3397 pos 0.3094113 0.5325143
581.439 pos 0.2222323 0.5227187
581.5386 pos 0.170776 0.4872022
581.6382 pos 0.1674289 0.4818518
581.7045 gestureEnd always
583.8448 gestureStart
583.8448 pos 0.5533532 0.3748837
583.9443 pos 0.5427127 0.3768906
584.0439 pos 0.5047589 0.4170647
584.1434 pos 0.4485204 0.4905429
584.2429 pos 0.4231056 0.5124893
584.3425 pos 0.3775178 0.5828399
584.442 pos 0.3336138 0.634358
584.5416 pos 0.3214552 0.6306555
584.6412 pos 0.2844992 0.6192457
584.7407 pos 0.2154986 0.6095456
584.8403 pos 0.1476974 0.5921527
584.9398 pos 0.1089257 0.5313549
585.0394 pos 0.0848382 0.4879915
585.139 pos 0.1051225 0.4820411
585.2384 pos 0.2032869 0.4940506
585.338 pos 0.3361391 0.5072191
585.4376 pos 0.4852239 0.5082952
585.5371 pos 0.6231903 0.4993169
585.6367 pos 0.7290785 0.501414
585.7361 pos 0.8015311 0.4979468
585.8358 pos 0.8242164 0.4943572
585.9353 pos 0.765858 0.4831536
586.035 pos 0.6452449 0.4818707
586.1345 pos 0.4896099 0.4645804
586.2341 pos 0.3595436 0.4518622
586.3335 pos 0.2772419 0.4633105
586.433 pos 0.2322673 0.4696659
586.5327 pos 0.2358417 0.470183
586.6323 pos 0.2483653 0.4706329
586.6654 gestureEnd breaks
588.59 gestureStart
588.59 pos 0.751682 0.5605529
588.6896 pos 0.7258233 0.4545898
588.7892 pos 0.6743007 0.4084028
588.8887 pos 0.6508387 0.3890364
588.9883 gestureEnd in
589.768 gestureStart
589.768 pos 0.4729371 0.5754001
589.8676 pos 0.4995835 0.5626268
589.967 pos 0.5591542 0.5262341
590.0666 pos 0.5305182 0.478736
590.1663 pos 0.5509315 0.4769923
590.2657 pos 0.5025026 0.4952785
590.3654 pos 0.3986329 0.5133872
590.4649 pos 0.3305069 0.5379291
590.5645 pos 0.3119707 0.5583864
590.664 pos 0.2966136 0.5834104
590.7635 pos 0.2702491 0.5963023
590.8466 gestureEnd the
592.821 gestureStart
592.821 pos 0.2015222 0.6068563
592.9206 pos 0.2444606 0.6090336
593.0201 pos 0.3723726 0.6112655
593.1197 pos 0.5453132 0.6059463
593.2192 pos 0.6838589 0.6005523
593.3189 pos 0.7441553 0.5977228
593.4182 pos 0.7435616 0.5928196
593.5179 pos 0.7059656 0.5350906
593.6174 pos 0.6510669 0.453546
593.717 pos 0.6155921 0.425113
593.8166 pos 0.613461 0.420057
593.9162 pos 0.6035724 0.4405796
594.0157 pos 0.5617191 0.4713047
594.1153 pos 0.5274106 0.5182723
594.2148 pos 0.5010622 0.5689272
594.3144 pos 0.4796803 0.5966211
594.414 pos 0.4336161 0.6076629
594.5135 pos 0.3433831 0.6127418
594.6131 pos 0.2774251 0.6031809
594.7126 pos 0.2985895 0.6015826
594.8121 pos 0.3623138 0.6010381
594.9117 pos 0.3898994 0.6097577
594.9283 gestureEnd winter
597.2013 gestureStart
597.2013 pos -0.2969964 0.3498291
598.0806 phrase a yard is almost as a meter
600.9507 gestureStart
600.9507 pos 0.121279 0.5134819
600.9675 gestureEnd a
602.4439 gestureStart
602.4439 pos 0.516 0.5681408
602.5435 pos 0.4488657 0.5636482
602.6431 pos 0.3379571 0.5191984
602.7426 pos 0.225448 0.5225077
602.8422 pos 0.148156 0.5443103
602.9417 pos 0.1414709 0.5423929
603.0411 pos 0.1999896 0.5394381
603.1407 pos 0.2707854 0.5840273
603.2402 pos 0.3365278 0.6184184
603.3398 pos 0.3501793 0.6102704
603.4393 pos 0.3499351 0.5711092
603.5389 pos 0.3010684 0.5249941
603.6385 pos 0.2806413 0.5184686
603.6552 gestureEnd yard
605.3804 gestureStart
605.3804 pos 0.725705 0.5882561
605.4799 pos 0.6500198 0.5752423
605.5795 pos 0.5482203 0.5448859
605.679 pos 0.467763 0.5137019
605.7786 pos 0.3492348 0.5162008
605.8781 pos 0.2719864 0.5090694
605.9777 pos 0.288317 0.4912494
606.0772 pos 0.2938326 0.4870803
606.1767 pos 0.2722357 0.4859381
606.2762 pos 0.2487291 0.4870688
606.3757 pos 0.2360366 0.4910821
606.4753 pos 0.2330657 0.4928541
606.5251 gestureEnd is
608.2503 gestureStart
608.2503 pos 0.1492949 0.4926533
608.3499 pos 0.235465 0.4895334
608.4494 pos 0.3924813 0.4936385
608.5489 pos 0.5909347 0.5025213
608.6485 pos 0.779466 0.4914612
608.748 pos 0.9119708 0.4768421
608.8476 pos 0.9530932 0.467856
608.9472 pos 0.907793 0.4619065
609.0468 pos 0.8184111 0.4224929
609.1462 pos 0.7288142 0.3867796
609.2459 pos 0.6816857 0.3604479
609.3455 pos 0.6866449 0.3984661
609.445 pos 0.7447912 0.432676
609.5447 pos 0.8329984 0.494982
609.644 pos 0.8965179 0.516581
609.7436 pos 0.9004615 0.5520202
609.8431 pos 0.8518282 0.5854752
609.9427 pos 0.7517571 0.6040549
610.0422 pos 0.6102788 0.5890125
610.1418 pos 0.4607105 0.5563515
610.2413 pos 0.3491188 0.5407201
610.3409 pos 0.2735113 0.5370679
610.4403 pos 0.2674492 0.5318301
610.5402 pos 0.2888909 0.5202861
610.6395 pos 0.3294671 0.5172295
610.7392 pos 0.3948728 0.5414648
610.8386 pos 0.461078 0.560835
610.9382 pos 0.4818368 0.571594
610.9715 gestureEnd almost
613.0121 gestureStart
613.0121 pos 0.1195185 0.4856568
613.1118 pos 0.1828605 0.473486
613.2112 pos 0.2825003 0.4640661
613.2777 gestureEnd add
615.086 gestureStart
615.086 pos 0.4981937 0.6807362
615.1693 select as
616.4795 gestureStart
616.4795 pos 0.1041036 0.4818824
616.5294 gestureEnd a
618.072 gestureStart
618.072 pos 0.7280231 0.3710872
618.1714 pos 0.6976542 0.391238
618.2711 pos 0.6260548 0.4570355
618.3706 pos 0.5253412 0.5090079
618.4702 pos 0.4253256 0.5080929
618.5696 pos 0.3351195 0.5349967
618.6691 pos 0.2686464 0.5675021
618.7687 pos 0.2382409 0.5836099
618.8682 pos 0.231696 0.586511
618.9677 pos 0.2375403 0.54589
619.0671 pos 0.2340018 0.5034485
619.1667 pos 0.2279634 0.5047581
619.2664 pos 0.2267437 0.5049462
619.3657 pos 0.2554833 0.5021837
619.4654 pos 0.2822383 0.5060068
619.5648 pos 0.2960749 0.5095189
619.6644 gestureEnd need
620.7263 gestureStart
620.7263 pos 0.9624458 0.2695206
620.8254 pos 0.9503509 0.2749171
620.8588 delete
621.5387 gestureStart
621.5387 pos 0.7192678 0.4016089
621.6381 pos 0.6733373 0.4228806
621.7377 pos 0.6020275 0.4599007
621.8373 pos 0.5102549 0.5016901
621.9367 pos 0.4124364 0.5345293
622.0363 pos 0.3486031 0.5417708
622.1357 pos 0.3264647 0.558524
622.2354 pos 0.2861635 0.575375
622.3348 pos 0.2332428 0.581061
622.4344 pos 0.2282535 0.572684
622.534 pos 0.3071873 0.5725126
622.6335 pos 0.4067683 0.5746075
622.7331 pos 0.459363 0.5807072
622.8327 pos 0.3939337 0.5792484
622.9322 pos 0.2584692 0.5797875
623.0317 pos 0.181392 0.5862644
623.1315 pos 0.2346821 0.576591
623.2309 pos 0.3122013 0.5739099
623.3305 pos 0.3353815 0.5779833
623.3969 gestureEnd meters
625.9351 gestureStart
625.9351 pos 0.6680774 0.6956282
625.985 select meter
627.8264 gestureStart
627.8264 pos -0.223989 0.336498
628.8719 phrase do not feel too bad about it
631.4099 gestureStart
631.4099 pos 0.2938877 0.4895988
631.5093 pos 0.321125 0.4914079
631.6088 pos 0.4146498 0.511383
631.7083 pos 0.5348815 0.5309911
631.8079 pos 0.6650392 0.5557731
631.9076 pos 0.772609 0.5830149
632.007 pos 0.8312289 0.5916976
632.1066 pos 0.8432314 0.5948929
632.1398 gestureEnd do
633.3339 gestureStart
633.3339 pos 0.6356342 0.421684
633.4335 pos 0.700256 0.4618498
633.5331 pos 0.7814839 0.4999962
633.6326 pos 0.8418925 0.547682
633.7321 pos 0.8361918 0.6094111
633.8316 pos 0.8233109 0.6418731
633.9314 pos 0.8003112 0.6464283
634.0309 pos 0.712746 0.6340023
634.1304 pos 0.6021485 0.6262658
634.23 pos 0.4904712 0.6118287
634.3295 pos 0.4059295 0.6104275
634.429 pos 0.3814828 0.611145
634.5286 pos 0.3930294 0.6071596
634.5453 gestureEnd nor
635.7729 gestureStart
635.7729 pos 0.3429769 0.7113106
635.8063 select not
637.2828 gestureStart
637.2828 pos 0.4166548 0.4828744
637.3823 pos 0.373695 0.4985156
637.4819 pos 0.3276887 0.5499116
637.5814 pos 0.2862646 0.6038842
637.6809 pos 0.2636111 0.6144652
637.7805 pos 0.3001899 0.6169882
637.88 pos 0.4252858 0.6200609
637.9796 pos 0.6046539 0.5983855
638.0791 pos 0.7366991 0.5715752
638.1788 pos 0.8386286 0.5374992
638.2782 pos 0.8991017 0.5088452
638.3777 pos 0.9120255 0.500513
638.4609 gestureEnd fell
640.3851 gestureStart
640.3851 pos 0.7269911 0.6875311
640.4845 pos 0.7185836 0.6825389
640.5012 select feel
641.2973 gestureStart
641.2973 pos 0.4863009 0.5940616
641.3969 pos 0.5875115 0.5946318
641.4963 pos 0.7136657 0.5855556
641.5959 pos 0.8150373 0.5778076
641.6954 pos 0.8667797 0.5767283
641.795 pos 0.8695099 0.5776777
641.8117 gestureEnd till
642.9894 gestureStart
642.9894 pos 0.5167402 0.7036929
643.0392 select too
644.0511 gestureStart
644.0511 pos 0.5561256 0.3881996
644.1506 pos 0.5109157 0.3934304
644.2501 pos 0.4344866 0.4217972
644.3496 pos 0.2796225 0.4398818
644.4492 pos 0.106739 0.4574526
644.5489 pos 0.04623537 0.4683315
644.6485 pos 0.09465866 0.4706781
644.748 pos 0.190323 0.4746003
644.8475 pos 0.2811112 0.4952649
644.9471 pos 0.3321977 0.5147775
644.9969 gestureEnd bad
646.7056 gestureStart
646.7056 pos 0.1414725 0.4762721
646.8051 pos 0.1716527 0.4690802
646.9045 pos 0.3164271 0.4406805
647.0041 pos 0.5251691 0.4172713
647.1036 pos 0.5592722 0.420817
647.2031 pos 0.5604293 0.4091637
647.3027 pos 0.588261 0.4087283
647.4022 pos 0.690452 0.4379804
647.5017 pos 0.7930816 0.4816399
647.6013 pos 0.8568354 0.5285988
647.7006 pos 0.8878134 0.5595607
647.8002 pos 0.8880873 0.5611517
647.8998 pos 0.8556504 0.5657389
647.9993 pos 0.7639601 0.5790449
648.0988 pos 0.6782733 0.5943959
648.1983 pos 0.6278022 0.5922584
648.2978 pos 0.596473 0.5793023
648.3974 pos 0.5827895 0.5758204
648.497 pos 0.5676989 0.5783081
648.5965 pos 0.5323687 0.5845559
648.696 pos 0.4875367 0.5924635
648.7954 pos 0.4372271 0.59578
648.8951 gestureEnd scott
650.1722 gestureStart
650.1722 pos 0.4725585 0.6799565
650.2716 pos 0.4802836 0.6886584
650.3215 select about
651.2999 gestureStart
651.2999 pos 0.7321829 0.5918362
651.3995 pos 0.6955417 0.593156
651.499 pos 0.6171303 0.5944841
651.5984 pos 0.5310869 0.5975545
651.698 pos 0.4822492 0.6045858
651.8143 pos 0.4755515 0.604627
651.8308 gestureEnd it
653.6888 gestureStart
653.6888 pos -0.3129038 0.3328914
654.618 phrase players must know all the rules
657.3223 gestureStart
657.3223 pos 0.969172 0.618055
657.4218 pos 0.9535211 0.5905227
657.5213 pos 0.9268361 0.5401944
657.6208 pos 0.8687229 0.5038669
657.7205 pos 0.8184891 0.4936399
657.8199 pos 0.7805759 0.4991157
657.9195 pos 0.6879563 0.5148572
658.019 pos 0.5221375 0.5311639
658.1187 pos 0.3736148 0.5274886
658.2182 pos 0.3152258 0.543444
658.3177 pos 0.262017 0.5433567
658.4174 pos 0.1800123 0.5387948
658.517 pos 0.1130252 0.5423787
658.6165 pos 0.1023052 0.5435069
658.7161 pos 0.155666 0.5463952
658.8156 pos 0.2320323 0.5623041
658.9152 pos 0.3240553 0.5818302
659.0146 pos 0.410695 0.5846739
659.1141 pos 0.4704357 0.5946887
659.2138 pos 0.5013308 0.5936227
659.3131 pos 0.5107068 0.5928889
659.4127 pos 0.4645983 0.5995162
659.5122 pos 0.3634897 0.6065959
659.6118 pos 0.2689956 0.6077237
659.7114 pos 0.2340901 0.6070842
659.8109 pos 0.2681346 0.6004885
659.9103 pos 0.3379516 0.5998704
660.0099 pos 0.366116 0.5965364
660.1094 pos 0.3094578 0.559931
660.2089 pos 0.2242925 0.5262186
660.3086 pos 0.1803068 0.5008911
660.408 pos 0.1863926 0.4926622
660.4579 gestureEnd players
662.1498 gestureStart
662.1498 pos 0.7478211 0.402357
662.2493 pos 0.7228231 0.4196753
662.3489 pos 0.7152971 0.4483429
662.4483 pos 0.7136881 0.5035233
662.5479 pos 0.6972143 0.5526368
662.6475 pos 0.6585114 0.5901596
662.747 pos 0.6091078 0.6181529
662.8466 pos 0.5600977 0.6203014
662.9461 pos 0.4949552 0.5842037
663.0456 pos 0.3987157 0.5489056
663.1451 pos 0.3089626 0.5277292
663.2446 pos 0.2534483 0.5211167
663.3442 pos 0.2328759 0.514837
663.4437 pos 0.2258912 0.5095294
663.5434 pos 0.2486288 0.5155401
663.6428 pos 0.3219941 0.5430481
663.7422 pos 0.4003393 0.561381
663.8418 pos 0.4610466 0.582565
663.9413 pos 0.501501 0.5945891
663.9579 gestureEnd must
665.3514 gestureStart
665.3514 pos 0.8126346 0.4833416
665.4509 pos 0.7175437 0.4684061
665.5504 pos 0.6148897 0.4473838
665.65 pos 0.5653105 0.4315196
665.7494 pos 0.5769812 0.4324756
665.849 pos 0.6291144 0.4515828
665.9486 pos 0.6781424 0.4860937
666.0481 pos 0.7346871 0.5228773
666.1475 pos 0.8172926 0.5612792
666.2471 pos 0.8992615 0.5915756
666.3467 pos 0.9097248 0.5978894
666.4462 pos 0.8288395 0.5936493
666.5457 pos 0.6960621 0.5896127
666.6452 pos 0.5513274 0.591387
666.7448 pos 0.3886328 0.5973526
666.8445 pos 0.258695 0.5978534
666.9438 pos 0.1912096 0.596593
667.0433 pos 0.1856544 0.5973017
667.0765 gestureEnd know
668.9839 gestureStart
668.9839 pos 0.106469 0.4803551
669.0834 pos 0.2110399 0.488089
669.1829 pos 0.3529751 0.4947773
669.2825 pos 0.5098099 0.5001226
669.3821 pos 0.6572712 0.4985549
669.4816 pos 0.7792992 0.4977013
669.5811 pos 0.8799704 0.5013586
669.6807 pos 0.9374911 0.5003334
669.7802 pos 0.9394121 0.5025184
669.8134 gestureEnd all
671.5052 gestureStart
671.5052 pos 0.4650505 0.5987517
671.6049 pos 0.5134135 0.5603136
671.7044 pos 0.5761824 0.5079742
671.8038 pos 0.6067968 0.4880335
671.9034 pos 0.5853539 0.4942087
672.0029 pos 0.5138314 0.5175092
672.1026 pos 0.4276302 0.5413761
672.202 pos 0.3399642 0.564555
672.3016 pos 0.2844654 0.5823718
672.4011 pos 0.2829339 0.5899888
672.4178 gestureEnd the
673.9602 gestureStart
673.9602 pos 0.377868 0.5833865
674.0598 pos 0.4380727 0.5866567
674.1593 pos 0.5154265 0.5883693
674.2588 pos 0.5931314 0.5926571
674.3583 pos 0.6281379 0.5956959
674.4578 pos 0.6345285 0.592619
674.5574 pos 0.6840595 0.5865366
674.6569 pos 0.7765678 0.5649244
674.7565 pos 0.8618225 0.5421866
674.8562 pos 0.9127222 0.5204102
674.9556 pos 0.9222088 0.5046291
675.0551 pos 0.8733197 0.5109035
675.1547 pos 0.7665554 0.5287046
675.2542 pos 0.6253278 0.5474781
675.3538 pos 0.48609 0.5655453
675.4532 pos 0.3892542 0.5677977
675.5528 pos 0.347375 0.5764374
675.6523 pos 0.3433774 0.5892346
675.7519 pos 0.3149912 0.5831795
675.8514 pos 0.2732957 0.5759693
675.9509 pos 0.2314546 0.5693784
676.0504 pos 0.1961765 0.5413355
676.15 pos 0.1766603 0.5172727
676.2496 pos 0.1812608 0.5093261
676.316 gestureEnd rules
678.2085 gestureStart
678.2085 pos -0.2847714 0.3069558
678.3079 pos -0.2775519 0.3257628
697.8608 session normal_0.6_1
697.8608 phrase the cream rises to the top
701.8909 gestureStart
701.8909 pos 0.4267371 0.5914581
701.9903 pos 0.4591484 0.5762289
702.0898 pos 0.5005025 0.5359717
702.1893 pos 0.5111161 0.5114483
702.289 pos 0.54304 0.5061182
702.3884 pos 0.5414019 0.4984051
702.4879 pos 0.5178568 0.4901014
702.5875 pos 0.4873549 0.4812198
702.6869 pos 0.3991867 0.496663
702.7864 pos 0.3142744 0.5179001
702.8859 pos 0.293485 0.5240012
702.9853 pos 0.2819414 0.536804
703.0684 gestureEnd hd
704.3451 gestureStart
704.3451 pos 0.2786423 0.6729459
704.4447 pos 0.2870685 0.6826616
704.4615 select the
705.5889 gestureStart
705.5889 pos 0.3815762 0.3955815
705.6885 pos 0.366055 0.3923046
705.7878 pos 0.3569018 0.4099728
705.8876 pos 0.3731923 0.453945
705.9871 pos 0.3830703 0.5041962
706.0865 pos 0.366525 0.556661
706.186 pos 0.3179219 0.5876988
706.2855 pos 0.2688811 0.5775769
706.3851 pos 0.1906463 0.5531062
706.4845 pos 0.1395186 0.5214926
706.584 pos 0.1306192 0.4927913
706.6836 pos 0.193789 0.4626399
706.783 pos 0.3482026 0.4628927
706.8828 pos 0.4933609 0.4550768
706.9822 pos 0.6110159 0.4064506
707.0816 pos 0.7133513 0.3843815
707.1811 pos 0.7887504 0.388772
707.2806 pos 0.8219963 0.4102788
707.2972 gestureEnd cream
709.3865 gestureStart
709.3865 pos 0.3825779 0.5932002
709.486 pos 0.4069695 0.5976287
709.5855 pos 0.5132114 0.6005217
709.6851 pos 0.6443358 0.5971754
709.7847 pos 0.7221338 0.6005786
709.884 pos 0.7190615 0.5988322
709.9835 pos 0.6550736 0.5787879
710.0831 pos 0.5444834 0.5403789
710.1828 pos 0.4257848 0.547565
710.282 pos 0.3338078 0.5511615
710.3817 pos 0.2786863 0.5420345
710.4814 pos 0.2444042 0.5339707
710.5807 pos 0.2031866 0.5471678
710.6803 pos 0.198979 0.5683502
710.7797 pos 0.2339176 0.6093371
710.8793 pos 0.274202 0.604669
710.9787 pos 0.262619 0.5894984
711.0782 pos 0.2165993 0.5415932
711.1778 pos 0.2056784 0.5155182
711.2773 pos 0.2133543 0.5077153
711.2939 gestureEnd rises
712.8875 gestureStart
712.8875 pos 0.4757885 0.5945627
712.987 pos 0.5490258 0.6027429
713.0867 pos 0.6590809 0.6087753
713.1862 pos 0.7791998 0.6080207
713.2857 pos 0.8692429 0.6027141
713.3852 gestureEnd to
714.762 gestureStart
714.762 pos 0.4617558 0.626132
714.8613 pos 0.5076373 0.6328101
714.9609 pos 0.5894287 0.6312439
715.0604 pos 0.6555108 0.5939476
715.1598 pos 0.6911259 0.5628552
715.2595 pos 0.6957577 0.5266539
715.3591 pos 0.6836186 0.5271409
715.4586 pos 0.6514273 0.52654
715.558 pos 0.597025 0.4928553
715.6573 pos 0.5267554 0.4949972
715.7569 pos 0.4450016 0.5249682
715.8564 pos 0.357285 0.5386719
715.9559 pos 0.2892612 0.5574905
716.0554 pos 0.2710512 0.5928848
716.155 pos 0.2727943 0.5971273
716.1717 gestureEnd tune
718.1289 gestureStart
718.1289 pos 0.8945375 0.2986781
718.1788 delete
719.0081 gestureStart
719.0081 pos 0.4765969 0.5598031
719.1075 pos 0.5445144 0.4984562
719.207 pos 0.6027086 0.4422668
719.3066 pos 0.6103911 0.4482228
719.4061 pos 0.5544683 0.4854077
719.5056 pos 0.4677493 0.5216022
719.6052 pos 0.4057403 0.5695903
719.7047 pos 0.3428926 0.6100091
719.8041 pos 0.2878 0.6297345
719.9037 pos 0.2608838 0.6268782
719.9537 gestureEnd three
721.2472 gestureStart
721.2472 pos 0.3269557 0.6684953
721.3136 select the
722.2093 gestureStart
722.2093 pos 0.4725738 0.5862167
722.3088 pos 0.4863405 0.5841161
722.4082 pos 0.5644327 0.5778408
722.5079 pos 0.7007511 0.5854385
722.624 pos 0.8504165 0.6106799
722.7236 pos 0.9064845 0.6003085
722.8232 pos 0.9246028 0.596262
722.8565 gestureEnd top
724.4818 gestureStart
724.4818 pos -0.305613 0.3429856
725.3776 phrase the dog buried the bone
728.7448 gestureStart
728.7448 pos 0.4654707 0.5906553
728.861 pos 0.5195365 0.5093372
728.9604 pos 0.5895268 0.4416769
729.06 pos 0.6011918 0.4470561
729.1595 pos 0.5675476 0.4684632
729.2592 pos 0.4866758 0.4936148
729.3587 pos 0.400763 0.5366692
729.4582 pos 0.3224621 0.5879756
729.5577 pos 0.2740835 0.618084
729.6572 pos 0.2692171 0.6179979
729.6904 gestureEnd the
731.7468 gestureStart
731.7468 pos 0.3523754 0.4937087
731.8464 pos 0.4552681 0.51623
731.9459 pos 0.6224689 0.553383
732.0454 pos 0.7622087 0.5744802
732.1448 pos 0.8433085 0.5831568
732.2443 pos 0.8477713 0.5801623
732.3439 pos 0.7651563 0.5651153
732.4434 pos 0.6370844 0.5373304
732.5428 pos 0.5314062 0.5099363
732.6423 pos 0.4921605 0.4998134
732.7419 gestureEnd dog
734.3523 gestureStart
734.3523 pos 0.522544 0.387638
734.4517 pos 0.534368 0.4054227
734.5511 pos 0.5749462 0.4551378
734.6506 pos 0.627368 0.5067111
734.7501 pos 0.6466427 0.5532289
734.8499 pos 0.6274998 0.5940235
734.9493 pos 0.6071497 0.6084101
735.0488 pos 0.5551996 0.6034216
735.1483 pos 0.4739409 0.6055204
735.2477 pos 0.4009315 0.6091774
735.3472 pos 0.3768611 0.6039299
735.4467 pos 0.4112241 0.5952936
735.5463 pos 0.4918012 0.5943595
735.6458 pos 0.6011163 0.5954289
735.7454 pos 0.7243162 0.583374
735.8448 pos 0.7824647 0.5881032
735.9443 pos 0.7568616 0.5887159
736.0439 pos 0.6489155 0.5905756
736.1434 pos 0.5134705 0.5852099
736.2429 pos 0.3952032 0.5901612
736.3425 pos 0.3101739 0.5996185
736.442 pos 0.2604958 0.6025652
736.5416 pos 0.2687781 0.587983
736.6411 pos 0.3089764 0.5259092
736.7406 pos 0.342919 0.4899327
736.807 gestureEnd buried
738.1671 gestureStart
738.1671 pos 0.505453 0.5819913
738.2665 pos 0.5065996 0.5814703
738.3661 pos 0.4988458 0.5763255
738.4656 pos 0.4918072 0.5668292
738.5653 pos 0.5302472 0.521013
738.6647 pos 0.5910782 0.4783396
738.7641 pos 0.5928971 0.4825012
738.8637 pos 0.5376241 0.5098822
738.9632 pos 0.4762458 0.5334483
739.0629 pos 0.4095165 0.5516347
739.1623 pos 0.3432657 0.5746155
739.2618 pos 0.2804327 0.5914537
739.3615 pos 0.2324514 0.5880405
739.4112 gestureEnd the
741.0532 gestureStart
741.0532 pos 0.5837908 0.5025838
741.1527 pos 0.596555 0.503244
741.2521 pos 0.6452621 0.5137894
741.3517 pos 0.7512115 0.5654087
741.4513 pos 0.8737486 0.5988893
741.5508 pos 0.9078089 0.588569
741.6503 pos 0.8813655 0.585256
741.7499 pos 0.7939892 0.5802101
741.8494 pos 0.7065194 0.579403
741.9488 pos 0.6427881 0.5852809
742.0484 pos 0.6221646 0.5815592
742.1479 pos 0.5807719 0.5525262
742.2475 pos 0.4757792 0.5194483
742.347 pos 0.3640876 0.5138845
742.4465 pos 0.2842622 0.5065479
742.546 pos 0.2267917 0.4774405
742.6455 pos 0.1966917 0.4615753
742.7451 pos 0.2065816 0.4806863
742.8447 pos 0.2417385 0.5306051
742.944 pos 0.259964 0.5718253
743.0435 pos 0.257376 0.6245965
743.1099 gestureEnd house
744.8516 gestureStart
744.8516 pos 0.8791624 0.3130552
744.9346 delete
745.6973 gestureStart
745.6973 pos 0.565196 0.4273489
745.7969 pos 0.6113797 0.4483368
745.8965 pos 0.7005267 0.4784943
745.9959 pos 0.7773944 0.5243943
746.0955 pos 0.8206903 0.563404
746.195 pos 0.8204445 0.5654675
746.2946 pos 0.7984345 0.5570157
746.394 pos 0.7403291 0.4897038
746.4935 pos 0.6690267 0.438631
746.5931 pos 0.6346925 0.4183548
746.6926 pos 0.657272 0.3996992
746.7921 pos 0.6186115 0.415134
746.8917 pos 0.5272154 0.4623802
746.9912 pos 0.4204021 0.5085413
747.0906 pos 0.3083045 0.5392491
747.1903 pos 0.2233046 0.5669762
747.2897 pos 0.2183262 0.584846
747.3893 pos 0.2356341 0.59969
747.4223 gestureEnd bones
750.4407 gestureStart
750.4407 pos 0.9191736 0.6880417
750.5073 nextPage
752.1494 pos 0.9103877 0.3105639
752.2488 pos 0.8890407 0.3254011
752.2655 delete
752.9457 gestureStart
752.9457 pos 0.5965662 0.4016749
753.0452 pos 0.6346532 0.4265422
753.1447 pos 0.688983 0.4848581
753.2442 pos 0.790597 0.5143774
753.3438 pos 0.8624743 0.5562776
753.4432 pos 0.8686708 0.5882847
753.5427 pos 0.8353139 0.5803772
753.6423 pos 0.7733231 0.522162
753.7418 pos 0.7041146 0.4576305
753.8412 pos 0.6525387 0.4279639
753.9408 pos 0.6230757 0.4322203
754.0403 pos 0.5848722 0.4532894
754.1398 pos 0.5506163 0.4831064
754.2394 pos 0.4613086 0.5253222
754.3389 pos 0.3496573 0.5624776
754.4385 pos 0.2727447 0.5803862
754.538 pos 0.2377341 0.5987504
754.6375 pos 0.2396998 0.6115209
754.7038 gestureEnd bone
755.7987 gestureStart
755.7987 pos -0.2232136 0.3676993
759.1661 phrase life is but a dream
761.4218 gestureStart
761.4218 pos 0.8842974 0.4953331
761.5213 pos 0.8487265 0.5126882
761.6208 pos 0.7686658 0.5405217
761.7205 pos 0.7140791 0.5676928
761.8199 pos 0.6959958 0.5798974
761.9194 pos 0.6300669 0.572629
762.019 pos 0.524379 0.5433706
762.1185 pos 0.4428192 0.5279698
762.218 pos 0.4178403 0.5496977
762.3176 pos 0.4145121 0.546971
762.4171 pos 0.3797044 0.558885
762.5166 pos 0.3218395 0.5828208
762.6161 pos 0.2736751 0.5985695
762.7156 pos 0.264549 0.6086801
762.7986 gestureEnd life
764.7389 gestureStart
764.7389 pos 0.7074342 0.5884767
764.8384 pos 0.6434403 0.5740154
764.938 pos 0.5264666 0.5480906
765.0375 pos 0.391112 0.5274352
765.137 pos 0.245796 0.4935004
765.2365 pos 0.1336185 0.4874426
765.3361 pos 0.1204306 0.4881819
765.3694 gestureEnd idea
767.0775 gestureStart
767.0775 pos 0.6925749 0.6763626
767.0941 select is
768.0892 gestureStart
768.0892 pos 0.5622643 0.4459292
768.1888 pos 0.5728163 0.4943349
768.2883 pos 0.565203 0.5258576
768.3878 pos 0.5712655 0.5576946
768.4874 pos 0.5844491 0.6007593
768.5869 pos 0.5777784 0.6274468
768.6863 pos 0.5522057 0.6317924
768.7858 pos 0.4944955 0.616643
768.8852 pos 0.437896 0.6058011
768.9185 gestureEnd but
770.66 gestureStart
770.66 pos 0.1474429 0.4781265
770.71 gestureEnd as
772.2192 gestureStart
772.2192 pos 0.1565363 0.6897228
772.2524 select a
773.1147 gestureStart
773.1147 pos 0.3278669 0.5106499
773.2143 pos 0.3559148 0.5326012
773.3139 pos 0.3681388 0.5711005
773.4135 pos 0.3528696 0.5984439
773.513 pos 0.3149927 0.6185898
773.6128 pos 0.2717536 0.6115349
773.7122 pos 0.2439109 0.5916628
773.8117 pos 0.2295548 0.5763215
773.9113 pos 0.2217911 0.5674213
774.0107 pos 0.2198113 0.5605794
774.1103 pos 0.215866 0.5571991
774.2098 pos 0.2064541 0.5535761
774.3095 pos 0.1552753 0.5426246
774.4089 pos 0.1152982 0.5140517
774.5084 pos 0.1135389 0.4923756
774.608 pos 0.183532 0.4727564
774.7074 pos 0.2928118 0.4686245
774.8068 pos 0.410859 0.4545876
774.9064 pos 0.5203341 0.4387302
775.006 pos 0.604952 0.4255437
775.1055 pos 0.6550161 0.4253868
775.205 pos 0.6916585 0.4417256
775.3046 pos 0.7133041 0.4427217
775.404 pos 0.7291942 0.4378434
775.4869 gestureEnd dream
777.1617 gestureStart
777.1617 pos -0.2799232 0.3045359
778.1569 phrase this person is a disaster
780.545 gestureStart
780.545 pos 0.4674214 0.5845534
780.6445 pos 0.5517849 0.5619906
780.744 pos 0.6042011 0.5673355
780.8434 pos 0.6152509 0.5703608
780.943 pos 0.6315861 0.5579834
781.0425 pos 0.6882036 0.5693806
781.142 pos 0.7674055 0.5901284
781.2415 pos 0.8280134 0.5904883
781.341 pos 0.8092363 0.5907757
781.4406 pos 0.7067369 0.5785038
781.5399 pos 0.5836877 0.5619617
781.6395 pos 0.4486687 0.5429907
781.739 pos 0.3289244 0.528595
781.8383 pos 0.2675756 0.5120852
781.938 pos 0.2441952 0.5111308
782.0375 pos 0.2265768 0.5132743
782.104 gestureEnd goods
784.3097 gestureStart
784.3097 pos 0.8642868 0.2916632
784.4093 delete
785.1722 gestureStart
785.1722 pos 0.468679 0.6073208
785.2717 pos 0.504558 0.5807796
785.3712 pos 0.5659493 0.4898511
785.4706 pos 0.6186393 0.4621059
785.5703 pos 0.6672296 0.4995433
785.6697 pos 0.7357695 0.536956
785.7693 pos 0.7913672 0.5683792
785.8688 pos 0.8236448 0.5969704
785.9683 pos 0.7834007 0.6028291
786.0678 pos 0.6728568 0.5786646
786.1674 pos 0.5384535 0.5572619
786.2668 pos 0.4116477 0.553489
786.3663 pos 0.3025627 0.5460123
786.466 pos 0.2330902 0.5361985
786.5655 pos 0.2167021 0.5271559
786.6649 pos 0.2211414 0.5254488
786.6815 gestureEnd third
788.6884 gestureStart
788.6884 pos 0.1603213 0.7086208
788.7383 select this
789.9326 gestureStart
789.9326 pos 0.9625365 0.5947326
790.0321 pos 0.895719 0.5984631
790.1315 pos 0.7556996 0.5987529
790.2311 pos 0.5755539 0.6053563
790.3307 pos 0.4082104 0.6177801
790.4302 pos 0.2993655 0.6174244
790.5298 pos 0.306135 0.6136279
790.6292 pos 0.3633766 0.6073485
790.7288 pos 0.3885597 0.6081951
790.8282 pos 0.3750272 0.6075195
790.9277 pos 0.3018847 0.5906408
791.0271 pos 0.2321808 0.5507587
791.1268 pos 0.2361501 0.5305856
791.2262 pos 0.2473218 0.5048137
791.3259 pos 0.2615992 0.4981782
791.4254 pos 0.3703115 0.5352322
791.5247 pos 0.5241898 0.5538301
791.6242 pos 0.6699658 0.5513529
791.7238 pos 0.7676992 0.5584592
791.8234 pos 0.8127559 0.5740561
791.9229 pos 0.8224553 0.57307
792.0223 pos 0.8156821 0.5648701
792.1218 pos 0.7532305 0.5135991
792.2213 pos 0.6647854 0.4671496
792.3209 pos 0.6273412 0.4203485
792.4203 pos 0.6532829 0.3681419
792.5198 pos 0.6624497 0.3652555
792.5696 gestureEnd person
793.8961 gestureStart
793.8961 pos 0.7353297 0.596594
793.9957 pos 0.6397744 0.5803636
794.0952 pos 0.4819742 0.5485712
794.1947 pos 0.3145889 0.5337676
794.2943 pos 0.1886022 0.5266437
794.3937 pos 0.1463945 0.5204321
794.4932 gestureEnd is
795.4884 gestureStart
795.4884 pos 0.1378377 0.4915959
795.588 pos 0.14162 0.4904493
795.6378 gestureEnd as
797.1301 gestureStart
797.1301 pos 0.1381567 0.6884975
797.2132 select a
798.1586 gestureStart
798.1586 pos 0.2872725 0.5145027
798.2581 pos 0.3473448 0.5258932
798.3575 pos 0.4141697 0.534198
798.457 pos 0.4910693 0.5437421
798.5557 pos 0.5380344 0.5459502
798.6561 pos 0.5865776 0.5621909
798.7555 pos 0.6888575 0.5830216
798.855 pos 0.7848135 0.59824
798.9546 pos 0.7925181 0.6018264
799.0541 pos 0.707927 0.5870061
799.1536 pos 0.57906 0.5417609
799.2531 pos 0.4287506 0.5041745
799.3526 pos 0.2597339 0.5118734
799.4521 pos 0.1549546 0.5151966
799.5516 pos 0.1628669 0.5092032
799.6511 pos 0.1829492 0.5058688
799.7506 pos 0.1377721 0.5084457
799.8502 pos 0.06686144 0.517368
799.9496 pos 0.06570783 0.5178746
800.049 pos 0.1122364 0.5158778
800.1485 pos 0.1522876 0.5218864
800.248 pos 0.2122162 0.5213211
800.3474 pos 0.2368812 0.5198483
800.4471 pos 0.2410841 0.5203147
800.5466 pos 0.2827032 0.5326844
800.6461 pos 0.3635446 0.5639474
800.7455 pos 0.4452961 0.5760055
800.8452 pos 0.4644648 0.575529
800.9446 pos 0.4262839 0.5722313
801.0441 pos 0.3436173 0.5761502
801.1436 pos 0.2728649 0.576489
801.2431 pos 0.2798472 0.5799239
801.3425 pos 0.3476484 0.5872494
801.4423 gestureEnd disaster
803.0523 gestureStart
803.0523 pos -0.1748164 0.358298
803.1518 pos -0.1957273 0.3528632
823.8807 session normal_0.6_1
823.8807 phrase a dog is the best friend of a man
826.8662 gestureStart
826.8662 pos 0.07841639 0.4814544
826.9492 gestureEnd a
828.0606 gestureStart
828.0606 pos 0.359207 0.5038611
828.1602 pos 0.4057367 0.5180451
828.2597 pos 0.5277072 0.5325167
828.3593 pos 0.7004526 0.5345899
828.4588 pos 0.8434365 0.5348021
828.5585 pos 0.9077889 0.5429862
828.6579 pos 0.8765039 0.54653
828.7574 pos 0.7836347 0.525695
828.8571 pos 0.693707 0.4943787
828.9566 pos 0.6198791 0.4901069
829.0561 pos 0.5456933 0.4901957
829.1556 pos 0.483982 0.4886972
829.2385 gestureEnd fly
831.2631 gestureStart
831.2631 pos 0.8706175 0.2967902
831.3463 delete
832.2419 gestureStart
832.2419 pos 0.3011336 0.4894123
832.3415 pos 0.3354086 0.4898221
832.441 pos 0.4244021 0.5049626
832.5406 pos 0.5286037 0.541422
832.6401 pos 0.6455745 0.5645196
832.7396 pos 0.7475795 0.5737129
832.8391 pos 0.8327618 0.5929968
832.9387 pos 0.892794 0.5999089
833.0381 pos 0.884263 0.5901763
833.1376 pos 0.7860566 0.5581471
833.2373 pos 0.6724993 0.5431161
833.3369 pos 0.5692514 0.5164466
833.4363 pos 0.5149099 0.507741
833.5358 pos 0.5336951 0.5069889
833.6188 gestureEnd dog
835.3773 gestureStart
835.3773 pos 0.757791 0.5909137
835.4767 pos 0.6956925 0.5840405
835.5764 pos 0.5887407 0.5867584
835.6758 pos 0.4507295 0.567725
835.7754 pos 0.3203079 0.5504273
835.8749 pos 0.225946 0.5247223
835.9745 pos 0.1956243 0.5084888
836.074 pos 0.204051 0.508966
836.1404 gestureEnd its
837.5504 gestureStart
837.5504 pos 0.353945 0.673013
837.6168 select is
838.2636 gestureStart
838.2636 pos 0.4307901 0.5836934
838.3632 pos 0.4495203 0.5661773
838.4626 pos 0.5019214 0.5522244
838.5623 pos 0.5468876 0.5423392
838.6618 pos 0.5654778 0.5219764
838.7614 pos 0.5647356 0.5123485
838.8608 pos 0.516327 0.5176969
838.9604 pos 0.4292329 0.5380871
839.0599 pos 0.3465523 0.5414205
839.1593 pos 0.2873163 0.5286279
839.259 pos 0.2573567 0.5410858
839.3585 pos 0.2428288 0.5507547
839.4746 pos 0.2407648 0.5666493
839.5742 pos 0.2485749 0.576784
839.6241 gestureEnd the
841.6642 gestureStart
841.6642 pos 0.5533545 0.3813949
841.7637 pos 0.5239858 0.4227181
841.8631 pos 0.4727669 0.4811658
841.9628 pos 0.3947512 0.5380871
842.0623 pos 0.3066713 0.5946066
842.1619 pos 0.2475238 0.6296569
842.2614 pos 0.2356824 0.6203378
842.361 pos 0.2376997 0.5626867
842.4604 pos 0.2139568 0.4881287
842.5601 pos 0.1898926 0.477497
842.6595 pos 0.2244393 0.4718399
842.7591 pos 0.2927484 0.5204654
842.8586 pos 0.3662425 0.5837649
842.9581 pos 0.4385954 0.6124633
843.0577 pos 0.4970317 0.6231006
843.1572 pos 0.5122528 0.6256355
843.1739 gestureEnd best
844.8993 gestureStart
844.8993 pos 0.411549 0.4957877
844.9989 pos 0.3506488 0.5470724
845.0983 pos 0.304781 0.5985894
845.1979 pos 0.3144454 0.6100071
845.2975 pos 0.3815838 0.615493
845.3969 pos 0.4801771 0.6274387
845.4964 pos 0.5754498 0.6440848
845.596 pos 0.6647735 0.6386236
845.6955 pos 0.7370632 0.6179803
845.7951 pos 0.767851 0.6034627
845.8947 pos 0.7539503 0.6004121
845.994 pos 0.66067 0.6081486
846.0938 pos 0.4821855 0.6418913
846.1934 pos 0.33296 0.6300947
846.2928 pos 0.2738113 0.6126096
846.3924 pos 0.2793466 0.6009504
846.4918 pos 0.3010911 0.5850227
846.5915 pos 0.3711552 0.5519636
846.6909 pos 0.4670492 0.5154231
846.7905 pos 0.5155011 0.4598877
846.89 pos 0.5599394 0.4267024
846.9896 pos 0.6323995 0.4213752
847.0891 pos 0.6752403 0.4214211
847.1885 pos 0.6418087 0.4299648
847.288 pos 0.5349534 0.4415746
847.3876 pos 0.4213675 0.4591867
847.4871 pos 0.3411875 0.473644
847.5867 pos 0.3015771 0.494129
847.6863 pos 0.3007355 0.5006595
847.7195 gestureEnd friend
849.9603 gestureStart
849.9603 pos 0.8356677 0.6156293
850.0599 pos 0.8108746 0.6032072
850.1594 pos 0.7338963 0.5785725
850.2589 pos 0.645252 0.5755078
850.3585 pos 0.5550114 0.5554885
850.458 pos 0.4597713 0.5339464
850.5575 pos 0.3909653 0.5228511
850.6571 pos 0.3693829 0.5145332
850.7567 gestureEnd of
852.2332 gestureStart
852.2332 pos 0.09133482 0.5140557
852.3326 pos 0.1127385 0.5121061
852.4155 gestureEnd a
853.9418 gestureStart
853.9418 pos 0.7669337 0.4065462
854.0414 pos 0.7250484 0.424525
854.1411 pos 0.609074 0.4394242
854.2405 pos 0.4691432 0.4488287
854.3401 pos 0.340635 0.4670303
854.4395 pos 0.2386918 0.4844727
854.5392 pos 0.1650591 0.4950179
854.6388 pos 0.122769 0.500717
854.7382 pos 0.1457831 0.4960926
854.8377 pos 0.2373702 0.4886232
854.9372 pos 0.3445582 0.4781464
855.0368 pos 0.3984751 0.4759977
855.1364 pos 0.4924386 0.4447357
855.236 pos 0.6161429 0.41139
855.3355 pos 0.7112948 0.3975915
855.4349 pos 0.7541146 0.3920941
855.5345 pos 0.749955 0.3889137
855.6342 pos 0.7280683 0.3965887
855.6507 gestureEnd man
857.1601 gestureStart
857.1601 pos -0.2449186 0.3588699
858.4376 phrase do not lie in court or else
861.8211 gestureStart
861.8211 pos 0.3168638 0.5100982
861.9207 pos 0.4490367 0.5222639
862.0201 pos 0.6182441 0.5375217
862.1196 pos 0.7519303 0.5544971
862.2191 pos 0.8422355 0.5774963
862.3186 pos 0.8800851 0.590569
862.3685 gestureEnd do
863.8113 gestureStart
863.8113 pos 0.6526822 0.4011591
863.9108 pos 0.7102996 0.4288717
864.0103 pos 0.8152802 0.4606732
864.1099 pos 0.8895072 0.4933022
864.2094 pos 0.9062353 0.5473374
864.309 pos 0.894146 0.5822341
864.4084 pos 0.8708651 0.5920101
864.508 pos 0.8071125 0.5936137
864.6075 pos 0.7239887 0.594785
864.707 pos 0.6272681 0.6027663
864.8066 pos 0.5355887 0.6100569
864.906 pos 0.4679134 0.6156323
865.0055 gestureEnd not
866.7137 gestureStart
866.7137 pos 0.9419029 0.4913859
866.8132 pos 0.93902 0.4995959
866.9127 pos 0.8945336 0.5247434
867.0122 pos 0.8380172 0.5533968
867.1118 pos 0.7829944 0.5840584
867.2114 pos 0.7474169 0.5942668
867.3109 pos 0.7118218 0.60809
867.4103 pos 0.6652738 0.6084653
867.5098 pos 0.5996805 0.6084217
867.6094 pos 0.5177995 0.6041669
867.7088 pos 0.4282574 0.5897934
867.8083 pos 0.3775406 0.5845687
867.9079 pos 0.3474424 0.5816938
868.0074 pos 0.300229 0.5862455
868.1069 pos 0.2513787 0.5918846
868.2064 pos 0.226791 0.5930996
868.2894 gestureEnd lie
869.6496 gestureStart
869.6496 pos 0.7512107 0.5776511
869.7491 pos 0.7324686 0.5444067
869.8486 pos 0.7067987 0.4535908
869.9482 pos 0.6829163 0.4166805
870.0478 pos 0.6686957 0.4104036
870.1473 pos 0.65482 0.4041467
870.164 gestureEnd in
871.6071 gestureStart
871.6071 pos 0.4132325 0.4347515
871.7067 pos 0.5001948 0.4570258
871.8061 pos 0.604416 0.4829464
871.9058 pos 0.7141378 0.5115405
872.0052 pos 0.8062323 0.5421858
872.1048 pos 0.855942 0.6016027
872.2042 pos 0.8504597 0.6222122
872.3037 pos 0.8139718 0.6186343
872.4032 pos 0.741922 0.6254451
872.5027 pos 0.6676502 0.6325631
872.6022 pos 0.6078765 0.6301603
872.7018 pos 0.5354245 0.6249501
872.8013 pos 0.4446872 0.6185163
872.9008 pos 0.3554243 0.6131777
873.0002 pos 0.3370042 0.6096348
873.0997 pos 0.3882332 0.6011772
873.1993 pos 0.462272 0.5981814
873.2991 gestureEnd fort
874.858 gestureStart
874.858 pos 0.3583465 0.7041239
874.9575 select court
875.9194 gestureStart
875.9194 pos 0.8571293 0.5913504
876.0188 pos 0.8128331 0.5968544
876.1183 pos 0.7162021 0.5959333
876.2178 pos 0.6053483 0.5744932
876.3173 pos 0.5043899 0.5811687
876.4169 pos 0.4133191 0.5960914
876.5164 pos 0.3294422 0.6080203
876.616 pos 0.2890154 0.6090281
876.6658 gestureEnd our
877.9426 gestureStart
877.9426 pos 0.3502606 0.6959156
877.976 select or
879.8331 gestureStart
879.8331 pos 0.2890024 0.6026081
879.9327 pos 0.3746811 0.5996823
880.0322 pos 0.5280492 0.5810527
880.1317 pos 0.6655066 0.567481
880.2312 pos 0.7364676 0.5596994
880.3307 pos 0.7968334 0.5382213
880.4302 pos 0.8629345 0.5205861
880.5298 pos 0.8860582 0.5139219
880.6293 pos 0.8733895 0.5109144
880.7289 pos 0.7794754 0.5099801
880.8285 pos 0.6456679 0.5134254
880.9278 pos 0.5020448 0.5127927
881.0273 pos 0.3696567 0.5315422
881.1269 pos 0.2725406 0.5333814
881.2266 pos 0.2133284 0.5297127
881.3259 pos 0.2015467 0.5320554
881.4254 pos 0.2188381 0.5437081
881.5248 pos 0.2584508 0.6150581
881.6243 pos 0.2887567 0.685432
882.9343 gestureStart
882.9343 pos 0.2683931 0.6089784
883.0338 pos 0.3193834 0.6053557
883.1333 pos 0.4666159 0.5911292
883.2327 pos 0.66062 0.5799921
883.3323 pos 0.7864769 0.5733132
883.4316 pos 0.8599564 0.5538287
883.5314 pos 0.8881471 0.5312387
883.6309 pos 0.8922499 0.5137302
883.7303 pos 0.8929152 0.4941982
883.8299 pos 0.8423029 0.4869521
883.9294 pos 0.7239953 0.4937728
884.0289 pos 0.5948641 0.4923637
884.1284 pos 0.470697 0.4886217
884.2279 pos 0.3482952 0.4937502
884.3274 pos 0.2861674 0.4904647
884.4268 pos 0.2406994 0.4992296
884.5264 pos 0.2142907 0.5034549
884.6258 pos 0.2060811 0.5051548
884.7253 pos 0.2556444 0.5333665
884.825 gestureEnd else
886.2512 gestureStart
886.2512 pos -0.2337194 0.3625397
887.4118 phrase have a good weekend
889.5344 gestureStart
889.5344 pos 0.6791999 0.4919223
889.634 pos 0.7338769 0.5054693
889.7333 pos 0.7153166 0.5052858
889.8327 pos 0.6071455 0.4989457
889.9323 pos 0.4497423 0.5034088
890.0319 pos 0.3074242 0.5117321
890.1314 pos 0.1995977 0.5162482
890.2308 pos 0.1418549 0.5098041
890.3303 pos 0.1469378 0.5043574
890.4298 pos 0.162165 0.5004948
890.5293 pos 0.2186956 0.4703924
890.6287 pos 0.339944 0.4421063
890.7282 pos 0.4613526 0.4270286
890.828 pos 0.5273222 0.4189975
890.9271 pos 0.5104486 0.424859
891.0268 pos 0.4513538 0.4672245
891.1262 pos 0.3897585 0.5324097
891.2259 pos 0.3368219 0.5621482
891.3254 pos 0.306044 0.5918326
891.4248 gestureEnd message
893.0335 gestureStart
893.0335 pos 0.9856678 0.3005365
893.1329 pos 0.9700227 0.2978149
893.1828 delete
894.0617 gestureStart
894.0617 pos 0.5969226 0.4833977
894.1612 pos 0.5304381 0.4908603
894.2607 pos 0.4222804 0.5157149
894.3602 pos 0.2965859 0.5437056
894.4598 pos 0.1921206 0.5497729
894.5593 pos 0.1329148 0.5396894
894.6588 pos 0.1193876 0.5240291
894.7584 pos 0.1265062 0.5050953
894.8579 pos 0.2073344 0.4749056
894.9572 pos 0.330038 0.4340564
895.0568 pos 0.4353107 0.3794312
895.1563 pos 0.4563155 0.384834
895.2559 pos 0.453957 0.4122551
895.3555 pos 0.3850436 0.4654189
895.455 pos 0.3061202 0.5232133
895.5544 pos 0.2640422 0.572857
895.654 pos 0.2590299 0.5915633
895.7535 gestureEnd have
896.9478 gestureStart
896.9478 pos 0.1007295 0.4889339
897.0471 pos 0.1116648 0.48845
897.0804 gestureEnd a
898.3077 gestureStart
898.3077 pos 0.4933854 0.5020555
898.4072 pos 0.5568389 0.5213056
898.5068 pos 0.6719531 0.5599182
898.6064 pos 0.7823637 0.5672311
898.7059 pos 0.8748472 0.5695651
898.8054 pos 0.9316853 0.5714633
898.9048 pos 0.9293683 0.5690424
899.0043 pos 0.9044743 0.5664718
899.1039 pos 0.8580707 0.5661438
899.2034 pos 0.7710221 0.551978
899.303 pos 0.6463163 0.5277762
899.4025 pos 0.5151795 0.5065697
899.502 pos 0.3938295 0.4966909
899.6015 pos 0.3111058 0.4919639
899.701 pos 0.2815167 0.4897759
899.7341 gestureEnd gold
901.2448 gestureStart
901.2448 pos 0.3155069 0.7174351
901.2946 select good
902.0243 gestureStart
902.0243 pos 0.171684 0.6060611
902.1238 pos 0.1777492 0.6074221
902.2234 pos 0.1968279 0.6043801
902.3229 pos 0.255611 0.5906018
902.4225 pos 0.2916681 0.5912447
902.522 pos 0.2935916 0.5928411
902.6216 pos 0.2880106 0.5918736
902.721 pos 0.2931233 0.5909137
902.8205 pos 0.3582509 0.575429
902.92 pos 0.5064033 0.5154352
903.0194 pos 0.6302404 0.4244168
903.119 pos 0.6688516 0.3848282
903.2185 pos 0.6631321 0.382336
903.3182 pos 0.6575806 0.380758
903.4174 pos 0.6564409 0.3891521
903.5169 pos 0.6499112 0.4000455
903.6164 pos 0.6427513 0.4072204
903.6829 gestureEnd seem
904.86 gestureStart
904.86 pos 0.927669 0.2995083
904.9596 delete
906.021 gestureStart
906.021 pos 0.2024956 0.6100085
906.1204 pos 0.2205606 0.6034054
906.2199 pos 0.2498618 0.6002931
906.3195 pos 0.2660322 0.6003855
906.4189 pos 0.2749169 0.6003918
906.5186 pos 0.3570097 0.5966269
906.618 pos 0.4998629 0.5580717
906.7173 pos 0.6271545 0.5225608
906.8169 pos 0.6979691 0.5055054
906.9164 pos 0.7387446 0.4936176
907.016 pos 0.7924605 0.4857815
907.1155 pos 0.8215404 0.4812214
907.2151 pos 0.8166232 0.4806963
907.3145 pos 0.7371327 0.4980595
907.4139 pos 0.6317246 0.5296544
907.5135 pos 0.5249806 0.5610152
907.613 pos 0.4283465 0.5928581
907.7125 pos 0.3482972 0.6199287
907.812 pos 0.2911158 0.6306155
907.9114 pos 0.255275 0.62902
908.011 pos 0.2797744 0.6171551
908.1104 pos 0.382638 0.5656168
908.21 pos 0.5026377 0.455197
908.3095 pos 0.5839297 0.402757
908.4089 pos 0.6356625 0.391575
908.5085 pos 0.651891 0.3873936
908.6079 pos 0.6104621 0.4059455
908.7075 pos 0.5126941 0.446614
908.807 pos 0.4001006 0.4864261
908.9064 pos 0.3216057 0.4869521
909.0059 pos 0.2709081 0.4995662
909.1055 gestureEnd weekend
910.6808 gestureStart
910.6808 pos -0.2164539 0.3263974
910.7803 pos -0.2211152 0.3351754
911.5761 phrase longer than a football field
914.1632 gestureStart
914.1632 pos 0.8837675 0.467574
914.2627 pos 0.8742778 0.4760196
914.3621 pos 0.8839285 0.5105488
914.4617 pos 0.8724484 0.5774341
914.5613 pos 0.8316013 0.6137047
914.6607 pos 0.8120946 0.5994166
914.76 pos 0.7902015 0.5392752
914.8597 pos 0.7404619 0.4699788
914.9591 pos 0.6842892 0.4612243
915.0587 pos 0.6390885 0.4361365
915.1583 pos 0.6175048 0.4176141
915.2578 pos 0.6012305 0.4120903
915.3573 pos 0.5787827 0.4140855
915.4568 pos 0.5280005 0.4383127
915.5565 pos 0.4514997 0.4744603
915.656 pos 0.3897528 0.512228
915.7556 pos 0.3463729 0.5373691
915.855 pos 0.3083655 0.5584553
915.9545 pos 0.2898854 0.5708089
916.0541 pos 0.3150537 0.5743476
916.1535 pos 0.3534212 0.600006
916.2198 gestureEnd line
918.973 gestureStart
918.973 pos 0.9583681 0.2858593
919.0392 delete
919.6861 gestureStart
919.6861 pos 0.9111307 0.4960683
919.7856 pos 0.9019861 0.5101885
919.8851 pos 0.8704005 0.6133103
919.9846 pos 0.846043 0.6578275
920.0842 pos 0.8361473 0.6355661
920.1835 pos 0.8079041 0.5630025
920.2831 pos 0.7719275 0.4901896
920.3826 pos 0.722008 0.4547097
920.4821 pos 0.6979919 0.4047867
920.5817 pos 0.6907441 0.3812568
920.6812 pos 0.6636497 0.3689421
920.7807 pos 0.6299183 0.3696408
920.8802 pos 0.6009566 0.3854606
920.9797 pos 0.5551188 0.4264444
921.0792 pos 0.5040951 0.4520035
921.1786 pos 0.4651618 0.480061
921.2781 pos 0.4273122 0.516163
921.3776 pos 0.3636833 0.5510641
921.4772 pos 0.2921049 0.5763633
921.5768 pos 0.2614176 0.5948987
921.6762 pos 0.2997511 0.5968877
921.7758 pos 0.3515891 0.6009218
921.8421 gestureEnd pioneer
923.5836 gestureStart
923.5836 pos 0.4809135 0.6713835
923.683 pos 0.4781698 0.670962
923.7164 select longer
924.3133 gestureStart
924.3133 pos 0.4714773 0.5938671
924.4128 pos 0.5073789 0.5830914
924.5123 pos 0.5629467 0.5393645
924.6118 pos 0.6233935 0.4489065
924.7114 pos 0.6247156 0.429443
924.8109 pos 0.5812629 0.4275133
924.9103 pos 0.5070506 0.4451857
925.0099 pos 0.4086509 0.4678015
925.1093 pos 0.2964065 0.4881096
925.2089 pos 0.1918673 0.5003162
925.3083 pos 0.1010078 0.5067281
925.4078 pos 0.08083095 0.4952336
925.5074 pos 0.1573649 0.4669629
925.607 pos 0.2946552 0.4429066
925.7065 pos 0.4105548 0.4399319
925.8059 pos 0.5253751 0.4152273
925.9055 pos 0.6259744 0.3974798
926.0051 pos 0.6658289 0.3967462
926.1045 gestureEnd than
927.5639 gestureStart
927.5639 pos 0.1320523 0.4910233
927.6468 gestureEnd as
929.67 gestureStart
929.67 pos 0.1313268 0.7110345
929.6867 select a
930.947 gestureStart
930.947 pos 0.4164849 0.4982006
931.0466 pos 0.4673313 0.5151186
931.1461 pos 0.5396172 0.5377591
931.2455 pos 0.6287304 0.5550121
931.345 pos 0.7312922 0.5673032
931.4446 pos 0.8199998 0.5808391
931.5441 pos 0.8487226 0.5917954
931.6437 pos 0.8448671 0.5938966
931.7433 pos 0.8384621 0.590729
931.8427 pos 0.8381026 0.5889229
931.9424 pos 0.8365262 0.5869613
932.0419 pos 0.7812003 0.5891948
932.1413 pos 0.6922809 0.589411
932.2409 pos 0.6074008 0.575713
932.3404 pos 0.5486952 0.5857668
932.4399 pos 0.4821593 0.5846788
932.5397 pos 0.4327515 0.5767424
932.639 pos 0.4116889 0.5594946
932.7386 pos 0.4340236 0.5168258
932.8381 pos 0.4526148 0.5095513
932.9376 pos 0.4633971 0.4873829
933.0373 pos 0.5067971 0.4268517
933.1366 pos 0.544187 0.4001206
933.2362 pos 0.5470774 0.4017133
933.3358 pos 0.5075882 0.4154844
933.4352 pos 0.4285898 0.4469691
933.535 pos 0.3131325 0.5233548
933.6343 pos 0.223114 0.5209048
933.7338 pos 0.1512797 0.5131724
933.8333 pos 0.1031153 0.5146517
933.9326 pos 0.09840932 0.5133429
934.0323 pos 0.1705573 0.5103269
934.1317 pos 0.3571411 0.4980188
934.2311 pos 0.5433448 0.4810612
934.3307 pos 0.6906787 0.4851024
934.4303 pos 0.7875603 0.5182626
934.53 pos 0.8559307 0.5113389
934.6293 pos 0.9114973 0.5053138
934.7289 pos 0.9200529 0.5002511
934.8283 pos 0.9088226 0.4999247
934.9278 pos 0.8711897 0.499348
935.0109 gestureEnd football
936.6194 gestureStart
936.6194 pos 0.4288056 0.4893382
936.7189 pos 0.4443206 0.4952144
936.8351 pos 0.4487916 0.5041288
936.9346 pos 0.4926127 0.5218478
937.0342 pos 0.5839344 0.5313964
937.1336 pos 0.6701288 0.5475664
937.2333 pos 0.7110208 0.5684122
937.3327 pos 0.7268572 0.5801541
937.4323 pos 0.7301766 0.5881048
937.5317 pos 0.6808183 0.5948473
937.6312 pos 0.5641199 0.6239727
937.7308 pos 0.4155385 0.6568815
937.8304 pos 0.2941504 0.6584143
937.9297 pos 0.226302 0.6478742
938.0293 pos 0.2180218 0.6418908
938.1288 pos 0.2474792 0.6264151
938.2284 pos 0.3403308 0.6009516
938.3281 pos 0.5014094 0.5740218
938.4274 pos 0.6478551 0.5524059
938.527 pos 0.7564607 0.565579
938.6265 pos 0.837783 0.5564045
938.7259 pos 0.9150414 0.53374
938.8258 pos 0.9781016 0.511843
938.925 pos 0.9912083 0.5053099
939.0245 pos 0.924791 0.4998995
939.1241 pos 0.7997482 0.5035876
939.2236 pos 0.6564991 0.5059752
939.3233 pos 0.5042102 0.5079181
939.4227 pos 0.3714313 0.5083489
939.5221 pos 0.2948747 0.508881
939.6216 pos 0.2839325 0.5107251
939.7211 pos 0.2852175 0.514704
939.7545 gestureEnd field
941.3481 gestureStart
941.3481 pos -0.2803892 0.3516992
