1387.112 session normal_0.4_1.5
1387.112 phrase they watched the entire movie
1391.158 gestureStart
1391.158 pos 0.4500462 0.597427
1391.257 pos 0.5447609 0.5283972
1391.357 pos 0.5917866 0.4201136
1391.456 pos 0.5496852 0.4382607
1391.556 pos 0.4092227 0.51367
1391.655 pos 0.2119281 0.5772811
1391.755 pos 0.1835921 0.5780367
1391.854 pos 0.351498 0.5742297
1392.004 pos 0.5488927 0.5951756
1392.053 gestureEnd they
1392.999 gestureStart
1392.999 pos 0.1634361 0.5940007
1393.098 pos 0.1599195 0.5884606
1393.198 pos 0.08234884 0.5556154
1393.297 pos 0.01187694 0.5407004
1393.397 pos 0.1203367 0.5402995
1393.496 pos 0.3837299 0.5537785
1393.596 pos 0.5092351 0.5777172
1393.695 pos 0.4626246 0.567879
1393.795 pos 0.3907965 0.517473
1393.894 pos 0.3811494 0.4460627
1393.994 pos 0.4530306 0.4071636
1394.093 pos 0.5648198 0.4095792
1394.193 pos 0.6548952 0.4536933
1394.292 pos 0.5505302 0.4998483
1394.391 pos 0.3728061 0.5577051
1394.491 pos 0.2558605 0.607641
1394.591 pos 0.2432846 0.6186083
1394.69 pos 0.2589171 0.5771999
1394.79 pos 0.2710087 0.5081451
1394.889 pos 0.2770669 0.4843236
1394.922 gestureEnd watched
1395.718 gestureStart
1395.718 pos 0.44825 0.5757709
1395.818 pos 0.4934575 0.5760565
1395.918 pos 0.5948977 0.5261901
1396.017 pos 0.5918074 0.4933723
1396.116 pos 0.4898405 0.5140219
1396.216 pos 0.3501933 0.5542334
1396.315 pos 0.2819158 0.5653979
1396.398 gestureEnd the
1396.896 gestureStart
1396.896 pos 0.2373634 0.5986689
1396.995 pos 0.3094836 0.5961111
1397.095 pos 0.519325 0.5464687
1397.194 pos 0.7072631 0.4379731
1397.294 pos 0.6871005 0.4028694
1397.393 pos 0.5868537 0.4491106
1397.493 pos 0.4697471 0.5508953
1397.592 pos 0.4436278 0.6098723
1397.692 pos 0.544237 0.6013104
1397.791 pos 0.7143412 0.5851023
1397.891 pos 0.8040696 0.5754018
1397.99 pos 0.6662268 0.5835166
1398.09 pos 0.4465594 0.5945914
1398.189 pos 0.2536503 0.5778769
1398.289 pos 0.1896953 0.5759996
1398.388 gestureEnd entire
1399.184 gestureStart
1399.184 pos 0.7424343 0.3599225
1399.283 pos 0.7806376 0.4458902
1399.383 pos 0.8420176 0.6081029
1399.482 pos 0.9295458 0.6597008
1399.582 pos 0.8320639 0.6091887
1399.682 pos 0.6677847 0.5172716
1399.781 pos 0.5516169 0.4543405
1399.881 pos 0.5290711 0.424808
1399.98 pos 0.5186828 0.4202872
1400.079 pos 0.6128162 0.4271716
1400.179 pos 0.7251481 0.5116439
1400.278 pos 0.7739936 0.6015702
1400.378 pos 0.7122084 0.6424716
1400.477 pos 0.5604001 0.6678555
1400.577 pos 0.3674068 0.6718698
1400.677 pos 0.2408173 0.6577658
1400.776 pos 0.2149684 0.6492793
1400.875 pos 0.2320184 0.6282755
1400.975 gestureEnd movie
1402.02 gestureStart
1402.02 pos -0.2483228 0.3218314
1403.131 phrase exercise is good for the mind
1413.41 gestureStart
1413.41 pos 0.2678537 0.5961574
1413.51 pos 0.2632568 0.6111973
1413.609 pos 0.2612568 0.5620205
1413.708 pos 0.2529785 0.3892396
1413.808 pos 0.2246711 0.2699077
1413.907 pos 0.2179643 0.3729407
1414.007 pos 0.2372654 0.5362708
1414.107 pos 0.2415583 0.5957589
1414.206 pos 0.2691512 0.5432085
1414.306 pos 0.3860967 0.5261236
1414.405 pos 0.4958074 0.5372233
1414.504 pos 0.488023 0.4897211
1414.604 pos 0.4313646 0.4298133
1414.703 pos 0.3800562 0.3949921
1414.803 pos 0.3838473 0.3856982
1414.902 pos 0.5726441 0.4682817
1415.002 pos 0.804538 0.5678191
1415.101 pos 0.8040599 0.6256112
1415.201 pos 0.5871604 0.6198583
1415.3 pos 0.3504977 0.56641
1415.4 pos 0.1720208 0.5141576
1415.499 pos 0.09399839 0.5351317
1415.665 pos 0.1718574 0.6403753
1415.764 pos 0.2421672 0.6610552
1415.864 pos 0.261028 0.6537696
1415.947 gestureEnd exercise
1416.66 gestureStart
1416.66 pos 0.7645711 0.5912892
1416.759 pos 0.6930705 0.5676144
1416.859 pos 0.4340309 0.5489985
1416.958 pos 0.237436 0.5183055
1417.058 pos 0.1859337 0.4767295
1417.157 pos 0.2032919 0.478045
1417.207 gestureEnd is
1418.019 gestureStart
1418.019 pos 0.4778671 0.481047
1418.119 pos 0.5837066 0.518502
1418.218 pos 0.821966 0.5505562
1418.317 pos 0.8966022 0.5607567
1418.417 pos 0.6748908 0.556834
1418.516 pos 0.397081 0.5487616
1418.616 pos 0.265683 0.5239242
1418.716 pos 0.261039 0.5021026
1418.798 gestureEnd god
1419.876 gestureStart
1419.876 pos 0.4004499 0.5062242
1419.975 pos 0.5408118 0.5283256
1420.075 pos 0.7259468 0.544131
1420.174 pos 0.7916138 0.5713807
1420.274 pos 0.6919956 0.5913913
1420.373 pos 0.5551104 0.6188257
1420.539 pos 0.3534375 0.6148717
1420.638 pos 0.3344471 0.6072662
1420.738 gestureEnd four
1421.119 gestureStart
1421.119 pos 0.4623863 0.5808048
1421.219 pos 0.4606996 0.5738508
1421.318 pos 0.4587868 0.5610846
1421.418 pos 0.4911072 0.5477736
1421.517 pos 0.5827666 0.5133213
1421.617 pos 0.5979641 0.4950805
1421.716 pos 0.502488 0.5226318
1421.816 pos 0.3620912 0.5663567
1421.915 pos 0.267756 0.5860077
1421.965 gestureEnd the
1422.595 gestureStart
1422.595 pos 0.7119008 0.4106224
1422.694 pos 0.7124019 0.4054456
1422.793 pos 0.7701638 0.4622186
1422.893 pos 0.8140219 0.5453916
1422.993 pos 0.7824296 0.5930445
1423.092 pos 0.7252142 0.596787
1423.192 pos 0.6821044 0.5292753
1423.291 pos 0.6603162 0.4204723
1423.391 pos 0.6481173 0.3964932
1423.49 pos 0.5918864 0.4134516
1423.589 pos 0.4781061 0.4503574
1423.689 pos 0.3671393 0.4824451
1423.788 pos 0.3310087 0.5205177
1423.888 gestureEnd mound
1425.629 gestureStart
1425.629 pos -0.2694496 0.3527221
1425.728 pos -0.2730162 0.352661
1426.574 delete
1426.574 delete
1426.574 delete
1426.574 delete
1426.574 delete
1426.574 delete
1427.949 gestureStart
1427.949 pos 0.2317941 0.5772728
1428.049 pos 0.2430628 0.5240541
1428.149 pos 0.2531937 0.4218119
1428.248 pos 0.2443564 0.4077388
1428.347 pos 0.2417549 0.4689579
1428.447 pos 0.2557939 0.5647081
1428.546 pos 0.2778623 0.5867975
1428.646 pos 0.3465518 0.5512325
1428.745 pos 0.4262685 0.5236126
1428.845 pos 0.4352555 0.4550004
1428.944 pos 0.4127688 0.3454806
1429.044 pos 0.4169576 0.3161013
1429.143 pos 0.4874091 0.3749746
1429.243 pos 0.6312007 0.480536
1429.342 pos 0.7441379 0.5928721
1429.442 pos 0.7192573 0.6224043
1429.541 pos 0.5992646 0.5988137
1429.641 pos 0.3962105 0.5435803
1429.74 pos 0.1981721 0.516339
1429.839 pos 0.07000695 0.5039883
1429.939 pos 0.05230208 0.5167084
1430.038 pos 0.1053994 0.5581118
1430.138 pos 0.1730105 0.5980856
1430.237 pos 0.2058921 0.6154108
1430.337 pos 0.2297286 0.6128889
1430.403 gestureEnd sense
1431.879 gestureStart
1431.879 pos -0.3936873 0.445995
1431.978 pos -0.391883 0.4464259
1431.995 delete
1432.939 gestureStart
1432.939 pos 0.2329887 0.5799157
1433.039 pos 0.2304196 0.5453337
1433.138 pos 0.2201936 0.4389131
1433.238 pos 0.2280288 0.4083985
1433.337 pos 0.2831287 0.4650791
1433.437 pos 0.321401 0.562142
1433.536 pos 0.3286534 0.5900799
1433.636 pos 0.3297152 0.5779272
1433.735 pos 0.3306264 0.5709764
1433.835 pos 0.3797779 0.5672267
1433.934 pos 0.4024732 0.5100315
1434.034 pos 0.3665563 0.4120326
1434.133 pos 0.367117 0.349081
1434.233 pos 0.4373549 0.3788762
1434.332 pos 0.5992525 0.4742568
1434.432 pos 0.7341233 0.5678493
1434.531 pos 0.7297568 0.6192697
1434.631 pos 0.5820474 0.6204046
1434.73 pos 0.3864035 0.5457162
1434.83 pos 0.2276087 0.4363998
1434.929 pos 0.1577825 0.4269041
1435.029 pos 0.1662578 0.460539
1435.128 pos 0.215394 0.5267554
1435.228 pos 0.2500854 0.5951977
1435.327 pos 0.2544997 0.6100684
1435.377 gestureEnd exercise
1436.173 gestureStart
1436.173 pos 0.7981755 0.5920418
1436.272 pos 0.7408989 0.5658466
1436.372 pos 0.6321306 0.5484321
1436.471 pos 0.490467 0.5370219
1436.57 pos 0.3663575 0.5162789
1436.67 pos 0.3057148 0.5065517
1436.77 pos 0.2478246 0.4808548
1436.869 pos 0.1647867 0.4746436
1436.919 gestureEnd is
1438.145 gestureStart
1438.145 pos 0.4587617 0.4997724
1438.245 pos 0.5027208 0.5140984
1438.344 pos 0.6162625 0.5394893
1438.444 pos 0.7425357 0.5631467
1438.543 pos 0.8208783 0.5722015
1438.643 pos 0.8118296 0.5762368
1438.743 pos 0.7725059 0.5771602
1438.842 pos 0.6292204 0.5588428
1438.942 pos 0.4571616 0.5319027
1439.041 pos 0.3483344 0.5251505
1439.14 pos 0.2870728 0.533508
1439.207 gestureEnd god
1440.168 gestureStart
1440.168 pos 0.540657 0.694019
1440.251 select good
1441.13 gestureStart
1441.13 pos 0.4063233 0.5003114
1441.229 pos 0.5542229 0.5257658
1441.379 pos 0.9103049 0.5687824
1441.478 pos 0.9285606 0.5806259
1441.578 pos 0.7607635 0.6031874
1441.677 pos 0.5743266 0.600604
1441.776 pos 0.4230869 0.585906
1441.876 pos 0.3478481 0.5694686
1441.975 pos 0.3556426 0.5669876
1442.009 gestureEnd flour
1443.053 gestureStart
1443.053 pos 0.516075 0.7089661
1443.07 select for
1443.451 gestureStart
1443.451 pos 0.4476513 0.6153513
1443.55 pos 0.4764845 0.5845821
1443.65 pos 0.5360331 0.5309228
1443.749 pos 0.5670218 0.4893373
1443.849 pos 0.5580363 0.5047699
1443.948 pos 0.4315734 0.5477497
1444.048 pos 0.2756998 0.5657731
1444.147 pos 0.2287902 0.5701343
1444.18 gestureEnd the
1445.142 gestureStart
1445.142 pos 0.7536153 0.4061854
1445.241 pos 0.7566146 0.4871138
1445.34 pos 0.7747164 0.6177033
1445.44 pos 0.7643685 0.625339
1445.54 pos 0.7245374 0.5614026
1445.639 pos 0.6843619 0.4609871
1445.739 pos 0.6539587 0.391908
1445.838 pos 0.6245837 0.388366
1445.938 pos 0.5168822 0.4190884
1446.037 pos 0.3771545 0.4582281
1446.137 pos 0.2679539 0.4741645
1446.236 pos 0.2611498 0.4858985
1446.286 gestureEnd mind
1447.745 gestureStart
1447.745 pos -0.3040762 0.3574376
1448.69 phrase the music is better than it sounds
1453.414 gestureStart
1453.414 pos 0.4420964 0.5714983
1453.514 pos 0.5028013 0.5831345
1453.613 pos 0.5613932 0.5487471
1453.713 pos 0.5617942 0.5220808
1453.813 pos 0.5321032 0.5299004
1453.912 pos 0.3820421 0.5706015
1454.011 pos 0.2668734 0.5909923
1454.111 pos 0.2656903 0.587986
1454.127 gestureEnd the
1455.022 gestureStart
1455.022 pos 0.7111318 0.4266464
1455.122 pos 0.7269849 0.4709743
1455.221 pos 0.7076724 0.5308279
1455.321 pos 0.6609324 0.5715366
1455.42 pos 0.6091612 0.6009005
1455.52 pos 0.5413166 0.5905558
1455.619 pos 0.42996 0.4699116
1455.719 pos 0.3477418 0.438677
1455.818 pos 0.3402329 0.4462607
1455.917 pos 0.3375254 0.4764633
1456.017 pos 0.3228577 0.4793753
1456.116 pos 0.3908067 0.494574
1456.216 pos 0.5949969 0.5257675
1456.315 pos 0.701549 0.5696557
1456.415 pos 0.6858333 0.5779771
1456.514 pos 0.5921692 0.5582242
1456.614 pos 0.4832066 0.484638
1456.713 pos 0.391667 0.4286208
1456.813 pos 0.334517 0.4197324
1456.912 pos 0.3126903 0.4205844
1456.929 gestureEnd music
1457.708 gestureStart
1457.708 pos 0.8425886 0.6095537
1457.807 pos 0.7794124 0.571101
1457.907 pos 0.6412431 0.5509819
1458.007 pos 0.4476568 0.5475578
1458.106 pos 0.2610428 0.5295748
1458.205 pos 0.141203 0.506729
1458.305 pos 0.1554818 0.4974141
1458.388 gestureEnd odds
1459.465 gestureStart
1459.465 pos 0.03358688 0.706768
1459.565 pos 0.08806831 0.7098316
1459.581 select is
1460.294 gestureStart
1460.294 pos 0.49673 0.4087575
1460.394 pos 0.3343725 0.5145875
1460.493 pos 0.1772659 0.6090925
1460.593 pos 0.1819417 0.6199105
1460.692 pos 0.3042342 0.6172753
1460.792 pos 0.4316196 0.6040423
1460.891 pos 0.463049 0.5960907
1460.991 pos 0.3666224 0.5847654
1461.09 pos 0.2228837 0.5828652
1461.19 pos 0.2017708 0.587449
1461.289 pos 0.2921152 0.5897265
1461.389 pos 0.3983402 0.5888062
1461.455 gestureEnd better
1462.052 gestureStart
1462.052 pos 0.4345349 0.5806219
1462.151 pos 0.4743448 0.5798142
1462.251 pos 0.5869846 0.5402806
1462.35 pos 0.6128172 0.4943925
1462.45 pos 0.4518755 0.4955368
1462.549 pos 0.177018 0.5242185
1462.649 pos 0.05845869 0.5351319
1462.748 pos 0.1967287 0.5215735
1462.848 pos 0.4381701 0.5128169
1462.947 pos 0.6518407 0.4783455
1463.096 pos 0.7203437 0.4263808
1463.196 pos 0.6961268 0.416093
1463.295 pos 0.6848647 0.419918
1463.362 gestureEnd than
1463.909 gestureStart
1463.909 pos 0.7336097 0.5801077
1464.008 pos 0.6318555 0.5850095
1464.107 pos 0.535558 0.5883083
1464.207 pos 0.4818218 0.5994167
1464.307 pos 0.4324759 0.6054252
1464.406 pos 0.4281332 0.5953428
1464.423 gestureEnd it
1464.97 gestureStart
1464.97 pos 0.2256298 0.4904113
1465.069 pos 0.4157334 0.5109848
1465.169 pos 0.7149737 0.5563191
1465.268 pos 0.9136457 0.570805
1465.367 pos 0.8493473 0.5694976
1465.467 pos 0.6930799 0.5742407
1465.567 pos 0.6009088 0.566968
1465.666 pos 0.5884939 0.503588
1465.765 pos 0.606932 0.4091814
1465.865 pos 0.5971462 0.3757353
1465.964 pos 0.5386062 0.38086
1466.064 pos 0.4330033 0.407352
1466.163 pos 0.3333091 0.4331669
1466.263 pos 0.2835048 0.4606216
1466.362 pos 0.266137 0.4798246
1466.462 pos 0.2643207 0.4921459
1466.478 gestureEnd sound
1467.639 gestureStart
1467.639 pos 0.2714443 0.6850922
1467.655 select sounds
1468.467 gestureStart
1468.467 pos -0.2768214 0.3609772
1469.396 phrase on the way to the cottage
1471.684 gestureStart
1471.684 pos 0.8498164 0.6205542
1471.783 pos 0.8425481 0.6109124
1471.883 pos 0.7772664 0.5398787
1471.982 pos 0.7040988 0.4353858
1472.082 pos 0.6755364 0.3544672
1472.181 gestureEnd on
1472.861 gestureStart
1472.861 pos 0.4407873 0.6196864
1472.96 pos 0.4770213 0.5876797
1473.06 pos 0.5168399 0.52279
1473.159 pos 0.5675417 0.4623791
1473.259 pos 0.5499622 0.4637901
1473.358 pos 0.4088972 0.5014191
1473.458 pos 0.2666228 0.5439324
1473.607 pos 0.2121465 0.5674609
1473.657 gestureEnd the
1474.171 gestureStart
1474.171 pos 0.1829526 0.5819052
1474.27 pos 0.1349819 0.54685
1474.369 pos 0.1353575 0.526529
1474.469 pos 0.2472767 0.5047476
1474.568 pos 0.4357524 0.5210791
1474.668 pos 0.561889 0.561435
1474.767 pos 0.5674902 0.5815176
1474.867 gestureEnd way
1475.463 gestureStart
1475.463 pos 0.420196 0.6088482
1475.563 pos 0.4590899 0.6059202
1475.662 pos 0.5831426 0.6058697
1475.762 pos 0.761179 0.5950016
1475.861 pos 0.8726818 0.596244
1475.928 gestureEnd to
1476.69 gestureStart
1476.69 pos 0.4779183 0.5746533
1476.79 pos 0.5322521 0.5549751
1476.889 pos 0.6067079 0.5205136
1476.989 pos 0.5704899 0.5133631
1477.088 pos 0.4297689 0.5414974
1477.187 pos 0.2786812 0.5759289
1477.287 gestureEnd the
1478.149 gestureStart
1478.149 pos 0.359993 0.3921465
1478.248 pos 0.4691324 0.4113931
1478.348 pos 0.6399153 0.4755402
1478.447 pos 0.7889857 0.5502893
1478.547 pos 0.826866 0.6032596
1478.646 pos 0.728229 0.6140477
1478.746 pos 0.5422043 0.6128893
1478.845 pos 0.3667451 0.6162543
1478.945 pos 0.2421667 0.592315
1479.044 pos 0.1437534 0.5421728
1479.144 pos 0.1005032 0.5156892
1479.243 pos 0.1425996 0.5066203
1479.343 pos 0.2585065 0.5193241
1479.442 pos 0.4047327 0.5212578
1479.558 pos 0.4498779 0.5260941
1479.657 pos 0.370176 0.5480805
1479.757 pos 0.2831462 0.5788875
1479.857 pos 0.2397222 0.6027699
1479.956 pos 0.235608 0.604229
1480.022 gestureEnd courage
1481.232 gestureStart
1481.232 pos 0.3028252 0.6858381
1481.282 select cottage
1482.061 gestureStart
1482.061 pos -0.3277642 0.3082523
1482.84 phrase popularity is desired by all
1486.736 gestureStart
1486.736 pos 0.9179437 0.5950502
1486.835 pos 0.8675535 0.6045423
1486.934 pos 0.869892 0.6083487
1487.034 pos 0.9705471 0.605823
1487.134 pos 0.9868485 0.6057211
1487.233 pos 0.8667396 0.607593
1487.332 pos 0.7173279 0.6070371
1487.432 pos 0.6137091 0.6004438
1487.531 pos 0.5924484 0.5965018
1487.631 pos 0.6292232 0.5877923
1487.73 pos 0.80437 0.571612
1487.83 pos 0.9509376 0.5338105
1487.929 pos 0.8694887 0.5166648
1488.029 pos 0.6270669 0.5289851
1488.128 pos 0.3275093 0.5542923
1488.227 pos 0.1340992 0.5539116
1488.327 pos 0.1307442 0.5416657
1488.426 pos 0.2429752 0.5342211
1488.526 pos 0.4050459 0.5798041
1488.625 pos 0.5463125 0.6012377
1488.725 pos 0.6966983 0.5992558
1488.824 pos 0.8205028 0.5697315
1488.924 pos 0.8272342 0.5545981
1489.023 pos 0.7346457 0.5565902
1489.123 pos 0.6195429 0.5638429
1489.222 pos 0.5424691 0.5572002
1489.322 pos 0.5154652 0.5474468
1489.421 pos 0.4831381 0.5440015
1489.521 pos 0.4224297 0.5457394
1489.62 pos 0.4235077 0.5439954
1489.769 pos 0.5460773 0.5515792
1489.869 gestureEnd popularity
1490.598 gestureStart
1490.598 pos 0.7426869 0.6087954
1490.697 pos 0.6619891 0.5918634
1490.797 pos 0.5100518 0.5653512
1490.896 pos 0.3694218 0.5281703
1490.996 pos 0.2591645 0.5028971
1491.095 pos 0.2139362 0.4929814
1491.162 gestureEnd is
1491.675 gestureStart
1491.675 pos 0.2886096 0.5097494
1491.775 pos 0.2788095 0.5338562
1491.874 pos 0.2359024 0.5805526
1491.974 pos 0.2017474 0.5890442
1492.073 pos 0.2167711 0.5659701
1492.173 pos 0.2399376 0.5215333
1492.272 pos 0.250429 0.5089347
1492.371 pos 0.3444797 0.52926
1492.471 pos 0.5318502 0.5544528
1492.57 pos 0.6712193 0.5702668
1492.67 pos 0.6787696 0.5712349
1492.769 pos 0.5581354 0.5845228
1492.869 pos 0.4201713 0.6034132
1492.968 pos 0.3321213 0.6038356
1493.068 pos 0.2918269 0.5946007
1493.167 pos 0.2669406 0.5636194
1493.267 pos 0.2484213 0.5159911
1493.366 pos 0.2704785 0.4807651
1493.466 pos 0.3108085 0.4753564
1493.482 gestureEnd desired
1494.361 gestureStart
1494.361 pos 0.542852 0.3889638
1494.51 pos 0.558255 0.4890883
1494.609 pos 0.5805979 0.6163851
1494.692 gestureEnd by
1495.322 gestureStart
1495.322 pos 0.1051039 0.471934
1495.421 pos 0.2208692 0.4666318
1495.521 pos 0.543921 0.4805444
1495.62 pos 0.8619685 0.4776266
1495.72 pos 0.9659104 0.4711477
1495.819 pos 0.9178124 0.4694602
1495.836 gestureEnd all
1496.814 gestureStart
1496.814 pos -0.3913034 0.2904181
1498.82 phrase presidents drive expensive cars
1501.936 gestureStart
1501.936 pos 0.9254771 0.6054289
1502.036 pos 0.8059215 0.5990407
1502.135 pos 0.5736998 0.6073101
1502.235 pos 0.3574754 0.6107236
1502.334 pos 0.2339002 0.6125591
1502.434 pos 0.1930761 0.5737604
1502.533 pos 0.2205404 0.5075581
1502.633 pos 0.2197187 0.4824446
1502.732 pos 0.2046126 0.4750655
1502.832 pos 0.3102929 0.5158586
1502.931 pos 0.5512497 0.5570276
1503.031 pos 0.7037925 0.5846713
1503.13 pos 0.6060947 0.5863512
1503.229 pos 0.4525746 0.5849733
1503.329 pos 0.3367114 0.5463303
1503.428 pos 0.2721432 0.5228231
1503.528 pos 0.2519244 0.5472592
1503.627 pos 0.2667844 0.5979001
1503.727 pos 0.3408018 0.5961561
1503.826 pos 0.5065821 0.5204871
1503.926 pos 0.6981775 0.4217358
1504.025 pos 0.76825 0.3939816
1504.125 pos 0.6946644 0.4540611
1504.224 pos 0.5636154 0.5734903
1504.323 pos 0.4469925 0.627362
1504.423 pos 0.3886791 0.5845666
1504.522 pos 0.31169 0.5434005
1504.622 pos 0.227997 0.5368536
1504.721 pos 0.1766098 0.5417416
1504.821 pos 0.1862783 0.5321453
1504.92 pos 0.2524842 0.5005693
1504.937 gestureEnd oriented
1506.992 gestureStart
1506.992 pos -0.4036077 0.4749713
1507.026 delete
1508.965 gestureStart
1508.965 pos 0.9148204 0.6078062
1509.064 pos 0.8777622 0.602775
1509.164 pos 0.6504894 0.5936361
1509.263 pos 0.3592473 0.5959733
1509.363 pos 0.2661029 0.5925994
1509.462 pos 0.2967337 0.570471
1509.562 pos 0.1952747 0.5209891
1509.661 pos 0.115837 0.4900957
1509.76 pos 0.1697301 0.4880185
1509.86 pos 0.4432973 0.514717
1509.959 pos 0.707814 0.5626744
1510.059 pos 0.7566794 0.5704997
1510.158 pos 0.5810784 0.5697661
1510.258 pos 0.3907536 0.5491777
1510.357 pos 0.2617597 0.5323946
1510.457 pos 0.2398528 0.5304506
1510.556 pos 0.2604557 0.5801234
1510.656 pos 0.306477 0.6393395
1510.755 pos 0.3929855 0.5842432
1510.854 pos 0.5495279 0.4704319
1510.954 pos 0.6631434 0.4010844
1511.053 pos 0.6644976 0.422033
1511.153 pos 0.5744259 0.5522648
1511.252 pos 0.4773443 0.6110652
1511.402 pos 0.4258882 0.5617961
1511.501 pos 0.3215747 0.5149302
1511.601 pos 0.2011896 0.5206075
1511.7 pos 0.1490515 0.5094925
1511.783 gestureEnd presidents
1512.578 gestureStart
1512.578 pos 0.2657894 0.5244144
1512.678 pos 0.309163 0.5389982
1512.777 pos 0.3450648 0.600415
1512.877 pos 0.4711798 0.63964
1512.977 pos 0.6682035 0.6312019
1513.076 pos 0.7939605 0.5893447
1513.175 pos 0.7007604 0.5445014
1513.275 pos 0.5083126 0.4905415
1513.374 pos 0.3810782 0.4318496
1513.474 pos 0.3610764 0.4193874
1513.573 pos 0.3825343 0.4659007
1513.673 pos 0.3669438 0.5685127
1513.772 pos 0.3044761 0.6289696
1513.872 pos 0.2770889 0.6367105
1513.938 gestureEnd drive
1514.866 gestureStart
1514.866 pos 0.288086 0.5753307
1514.966 pos 0.3082078 0.5123975
1515.065 pos 0.2990932 0.4383429
1515.165 pos 0.2768096 0.4279648
1515.264 pos 0.2727711 0.4243461
1515.363 pos 0.5206631 0.4708365
1515.463 pos 0.881506 0.5357091
1515.562 pos 0.9770721 0.5829581
1515.662 pos 0.8496739 0.6029138
1515.761 pos 0.628267 0.6165845
1515.861 pos 0.3925119 0.6113702
1515.96 pos 0.2389368 0.5997646
1516.06 pos 0.2993279 0.5629355
1516.159 pos 0.5538692 0.4958933
1516.259 pos 0.7393659 0.4150224
1516.358 pos 0.7392531 0.3695739
1516.458 pos 0.6379725 0.3767207
1516.557 pos 0.464277 0.4106691
1516.657 pos 0.2935215 0.4471597
1516.756 pos 0.2296632 0.4854563
1516.855 pos 0.3678558 0.5419493
1517.021 pos 0.7819622 0.6227781
1517.121 pos 0.8283627 0.6216667
1517.22 pos 0.7908509 0.5958791
1517.319 pos 0.6884844 0.5324912
1517.419 pos 0.5491434 0.4703749
1517.518 pos 0.4528199 0.3915736
1517.618 pos 0.4002743 0.3779286
1517.718 pos 0.3472703 0.4385366
1517.817 pos 0.3139169 0.5380803
1517.916 pos 0.3053977 0.5893663
1518.016 pos 0.3020624 0.5996063
1518.082 gestureEnd expensive
1519.027 gestureStart
1519.027 pos 0.3147487 0.4128519
1519.126 pos 0.3667451 0.406323
1519.226 pos 0.3259606 0.440425
1519.325 pos 0.1884099 0.4927083
1519.425 pos 0.1038279 0.5154275
1519.524 pos 0.1636345 0.515008
1519.624 pos 0.2962804 0.5387127
1519.723 pos 0.3691184 0.5833896
1519.823 pos 0.3324091 0.592136
1519.922 pos 0.2770052 0.5620974
1520.022 pos 0.2583381 0.5285108
1520.121 pos 0.2642285 0.5259593
1520.221 gestureEnd card
1521.514 gestureStart
1521.514 pos 0.1084998 0.692969
1521.613 select cars
1522.342 gestureStart
1522.342 pos -0.2413305 0.3654896
1522.442 pos -0.2652504 0.3661384
1523.32 phrase the living is easy
1524.978 gestureStart
1524.978 pos 0.451589 0.5949237
1525.078 pos 0.4622914 0.5910988
1525.177 pos 0.4386483 0.5777304
1525.276 pos 0.445564 0.560746
1525.376 pos 0.595253 0.5464905
1525.475 pos 0.6956754 0.5338559
1525.575 pos 0.6255206 0.518102
1525.674 pos 0.4740945 0.5323176
1525.774 pos 0.3184778 0.5653173
1525.874 pos 0.2434446 0.5827792
1525.973 pos 0.2627485 0.5889412
1526.006 gestureEnd the
1526.901 gestureStart
1526.901 pos 0.8984597 0.5392047
1527 pos 0.8821912 0.6035974
1527.1 pos 0.7802917 0.6242708
1527.199 pos 0.6996148 0.6065089
1527.299 pos 0.647677 0.5470281
1527.448 pos 0.5464262 0.4104943
1527.548 pos 0.5234516 0.3809721
1527.647 pos 0.5612577 0.3682899
1527.747 pos 0.6361032 0.4432393
1527.846 pos 0.7195606 0.5542207
1527.946 pos 0.7688463 0.6012204
1528.045 pos 0.7631184 0.58341
1528.145 pos 0.7326484 0.5177274
1528.244 pos 0.6951376 0.4445359
1528.344 pos 0.6619238 0.4247169
1528.443 pos 0.5752218 0.4281836
1528.543 pos 0.4367064 0.4295922
1528.642 pos 0.3630819 0.4683829
1528.692 gestureEnd logic
1530.515 gestureStart
1530.515 pos -0.4597365 0.4830473
1530.582 delete
1530.582 delete
1531.643 gestureStart
1531.643 pos 0.4673352 0.6070935
1531.742 pos 0.486431 0.5859872
1531.842 pos 0.546796 0.524372
1531.941 pos 0.6231071 0.4935617
1532.041 pos 0.6314909 0.4925517
1532.14 pos 0.4611287 0.5096845
1532.24 pos 0.2792322 0.5307416
1532.339 pos 0.2766559 0.5381334
1532.372 gestureEnd the
1533.499 gestureStart
1533.499 pos 0.8779932 0.5200457
1533.599 pos 0.806972 0.6098673
1533.698 pos 0.6727526 0.6369833
1533.798 pos 0.5329006 0.5779914
1533.897 pos 0.443218 0.4678859
1533.997 pos 0.4269224 0.3859824
1534.096 pos 0.4967959 0.372396
1534.196 pos 0.6186578 0.4626781
1534.295 pos 0.7192425 0.5599167
1534.395 pos 0.7716836 0.553739
1534.494 pos 0.7831611 0.5392632
1534.594 pos 0.7625607 0.4492804
1534.693 pos 0.6922683 0.3676554
1534.793 pos 0.6016769 0.3658359
1534.892 pos 0.5458259 0.4266225
1534.991 pos 0.5205857 0.4937589
1535.091 pos 0.4905242 0.5138342
1535.107 gestureEnd living
1536.003 gestureStart
1536.003 pos 0.6967785 0.5893306
1536.102 pos 0.5717472 0.5581418
1536.201 pos 0.4174224 0.5285534
1536.301 pos 0.2625602 0.5056472
1536.4 pos 0.1557113 0.4990517
1536.467 gestureEnd us
1537.279 gestureStart
1537.279 pos 0.2997698 0.7235647
1537.345 select is
1537.727 gestureStart
1537.727 pos 0.2210171 0.5734103
1537.876 pos 0.2084351 0.5563628
1537.975 pos 0.166752 0.5131395
1538.075 pos 0.1059423 0.4725656
1538.174 pos 0.1102148 0.4662978
1538.274 pos 0.2719415 0.5114557
1538.373 pos 0.4009209 0.5911343
1538.473 pos 0.489254 0.6146998
1538.572 pos 0.5562786 0.6278965
1538.672 gestureEnd easy
1539.899 gestureStart
1539.899 pos -0.3390619 0.3260169
1544.225 phrase the children are playing
1546.546 gestureStart
1546.546 pos 0.4547319 0.6090333
1546.645 pos 0.5009753 0.5933308
1546.745 pos 0.5744218 0.5512531
1546.844 pos 0.6606559 0.5141209
1546.944 pos 0.6336675 0.5297136
1547.043 pos 0.4310365 0.5816681
1547.143 pos 0.2881309 0.6060302
1547.259 pos 0.3101746 0.60761
1547.276 gestureEnd three
1550.077 gestureStart
1550.077 pos -0.4503036 0.4659694
1550.177 pos -0.4359502 0.4531016
1550.21 delete
1551.436 gestureStart
1551.436 pos 0.4394458 0.5950613
1551.536 pos 0.4793057 0.5887251
1551.635 pos 0.5910781 0.5428147
1551.735 pos 0.6173863 0.45834
1551.834 pos 0.4543661 0.490153
1551.934 pos 0.2354433 0.572135
1552.033 pos 0.2014872 0.5900993
1552.1 gestureEnd the
1552.912 gestureStart
1552.912 pos 0.3630658 0.399651
1553.011 pos 0.4643669 0.4483541
1553.111 pos 0.675115 0.5207965
1553.21 pos 0.8858477 0.6205555
1553.31 pos 0.9869469 0.646369
1553.409 pos 0.9517177 0.5775271
1553.509 pos 0.8826076 0.4969236
1553.608 pos 0.8072065 0.4766413
1553.708 pos 0.6657172 0.5178906
1553.807 pos 0.479232 0.5587161
1553.906 pos 0.3505014 0.5898252
1554.006 pos 0.2980045 0.6002349
1554.105 pos 0.3022694 0.5853848
1554.205 pos 0.3889907 0.513813
1554.304 pos 0.5708193 0.4304597
1554.404 pos 0.6993432 0.359638
1554.503 pos 0.6964101 0.3599268
1554.603 pos 0.661685 0.3969593
1554.636 gestureEnd corn
1557.139 gestureStart
1557.139 pos -0.3995146 0.4346783
1557.156 delete
1557.156 delete
1558.3 gestureStart
1558.3 pos 0.4399655 0.5783703
1558.399 pos 0.4905119 0.5673459
1558.498 pos 0.6138834 0.5249516
1558.598 pos 0.6499042 0.5063687
1558.697 pos 0.532462 0.5597556
1558.797 pos 0.369622 0.6157248
1558.88 gestureEnd fur
1560.388 gestureStart
1560.388 pos -0.5230192 0.413863
1560.488 delete
1561.399 gestureStart
1561.399 pos 0.4730751 0.6006718
1561.499 pos 0.4694522 0.5895115
1561.598 pos 0.5301602 0.5351929
1561.698 pos 0.6046031 0.4766259
1561.797 pos 0.5725294 0.470843
1561.896 pos 0.4281542 0.4937384
1561.996 pos 0.26009 0.52462
1562.095 pos 0.1827726 0.5491335
1562.112 gestureEnd the
1562.908 gestureStart
1562.908 pos 0.3671488 0.4028924
1563.007 pos 0.4340421 0.4517327
1563.106 pos 0.6436356 0.4972694
1563.206 pos 0.8104379 0.5821044
1563.305 pos 0.8683129 0.6109815
1563.405 pos 0.8725322 0.5604582
1563.504 pos 0.8636824 0.4461597
1563.604 pos 0.8142679 0.4381206
1563.703 pos 0.6842535 0.466166
1563.803 pos 0.5066124 0.5077049
1563.902 pos 0.3689877 0.5452589
1564.002 pos 0.3437474 0.5805882
1564.101 pos 0.3472502 0.5971158
1564.201 pos 0.3381785 0.5915679
1564.3 pos 0.3291553 0.5781889
1564.4 pos 0.3603414 0.5561457
1564.499 pos 0.3746748 0.5282903
1564.599 pos 0.3803256 0.4781361
1564.698 pos 0.4276546 0.4536752
1564.797 pos 0.5191989 0.4472512
1564.897 pos 0.6161372 0.4318119
1564.996 pos 0.659795 0.4061603
1565.096 gestureEnd children
1566.273 gestureStart
1566.273 pos 0.04813275 0.5213569
1566.372 pos 0.07523068 0.5376042
1566.472 pos 0.172359 0.5528923
1566.571 pos 0.2585269 0.579217
1566.671 pos 0.3011645 0.6124688
1566.77 pos 0.3338284 0.625338
1566.87 pos 0.3320727 0.6283385
1566.969 pos 0.3007616 0.6298848
1567.069 pos 0.2666564 0.6225427
1567.102 gestureEnd are
1568.279 gestureStart
1568.279 pos 0.9987077 0.588809
1568.378 pos 0.9293903 0.5549457
1568.478 pos 0.8624568 0.524307
1568.577 pos 0.7743213 0.5203728
1568.677 pos 0.5522262 0.5272215
1568.776 pos 0.345954 0.5120785
1568.876 pos 0.221046 0.4884329
1568.975 pos 0.1477894 0.483123
1569.075 pos 0.1219099 0.529331
1569.174 pos 0.1792963 0.5596967
1569.274 pos 0.3755932 0.5922384
1569.373 pos 0.5808626 0.6031063
1569.473 pos 0.6936278 0.6152053
1569.572 pos 0.7821822 0.5914102
1569.672 pos 0.7958179 0.5208334
1569.771 pos 0.737426 0.4627998
1569.87 pos 0.6753565 0.4335849
1569.97 pos 0.6270745 0.4625553
1570.069 pos 0.5430791 0.4928835
1570.169 pos 0.4142634 0.5136624
1570.252 gestureEnd playoff
1571.462 gestureStart
1571.462 pos 0.03401729 0.738851
1571.561 select paying
1572.423 gestureStart
1572.423 pos -0.3836578 0.4685138
1572.523 delete
1572.523 delete
1572.523 delete
1572.523 delete
1573.766 gestureStart
1573.766 pos 0.4474065 0.6035706
1573.865 pos 0.4879164 0.5869036
1573.965 pos 0.6083714 0.5369853
1574.064 pos 0.6452557 0.525396
1574.164 pos 0.5400657 0.5278575
1574.263 pos 0.3435618 0.564005
1574.363 pos 0.240542 0.5830933
1574.429 gestureEnd the
1575.142 gestureStart
1575.142 pos 0.3574939 0.432252
1575.241 pos 0.4214056 0.4562561
1575.341 pos 0.6372479 0.4960543
1575.44 pos 0.8098694 0.5561811
1575.54 pos 0.8789852 0.5841262
1575.689 pos 0.878405 0.5334324
1575.788 pos 0.8658259 0.4858882
1575.888 pos 0.796663 0.4712542
1575.987 pos 0.6449926 0.495
1576.087 pos 0.461453 0.5214794
1576.186 pos 0.357505 0.529873
1576.285 pos 0.2952664 0.5436757
1576.385 pos 0.2944805 0.5707371
1576.484 pos 0.3333043 0.6167409
1576.584 pos 0.3616721 0.6109973
1576.683 pos 0.3184152 0.60535
1576.783 pos 0.2850673 0.5991127
1576.882 pos 0.351375 0.5666467
1576.982 pos 0.5126432 0.4917817
1577.081 pos 0.6362209 0.4225892
1577.181 pos 0.6383077 0.4044364
1577.28 gestureEnd children
1577.943 gestureStart
1577.943 pos 0.04450326 0.497829
1578.042 pos 0.1303756 0.4945681
1578.142 pos 0.2222758 0.5228823
1578.241 pos 0.2831249 0.5692343
1578.341 pos 0.3310516 0.6000466
1578.44 pos 0.3549625 0.6055039
1578.54 pos 0.3450423 0.6116897
1578.639 pos 0.2663967 0.6095176
1578.739 pos 0.23649 0.6066892
1578.772 gestureEnd are
1579.866 gestureStart
1579.866 pos 0.960899 0.6066126
1579.965 pos 0.9150132 0.5333623
1580.065 pos 0.8120542 0.4641983
1580.164 pos 0.5759963 0.4606002
1580.264 pos 0.2825048 0.4696023
1580.363 pos 0.08084197 0.472443
1580.462 pos 0.06183888 0.4786259
1580.562 pos 0.2087022 0.5358608
1580.661 pos 0.4173462 0.6084882
1580.761 pos 0.5914358 0.6651012
1580.86 pos 0.7122626 0.6590818
1580.96 pos 0.7815815 0.5894094
1581.059 pos 0.7712399 0.5273116
1581.158 pos 0.7252007 0.4752694
1581.308 pos 0.6614761 0.4184816
1581.407 pos 0.6430682 0.3933757
1581.507 pos 0.5876679 0.4017099
1581.606 pos 0.5194211 0.4350817
1581.706 pos 0.4763313 0.4597933
1581.805 pos 0.461273 0.4805754
1581.822 gestureEnd playing
1583.23 gestureStart
1583.23 pos -0.2413937 0.3420282
