176.637 session normal_0.4_1
176.637 phrase elections bring out the best
183.3943 gestureStart
183.3943 pos 0.2794198 0.6114874
183.4937 pos 0.6115057 0.5688142
183.5934 pos 0.9484328 0.5308803
183.693 pos 0.9207122 0.509021
183.7926 pos 0.6490145 0.5255247
183.8922 pos 0.3664431 0.6045514
183.9919 pos 0.3001255 0.5840935
184.0914 pos 0.3522646 0.449881
184.1911 pos 0.3135572 0.3258803
184.2906 pos 0.350352 0.3495426
184.3903 pos 0.4138037 0.48327
184.4899 pos 0.4432412 0.6015142
184.5895 pos 0.5697042 0.6371121
184.6892 pos 0.7955328 0.6159186
184.7889 pos 0.9877817 0.5900137
184.8884 pos 0.8433049 0.5143389
184.988 pos 0.6015539 0.4051955
185.0876 pos 0.4194228 0.3531762
185.1871 pos 0.2300717 0.4551357
185.2869 pos 0.1238033 0.5071191
185.3864 gestureEnd electrons
186.3326 gestureStart
186.3326 pos 0.6170651 0.3932281
186.4321 pos 0.6210368 0.3971385
186.5318 pos 0.4964541 0.4789041
186.6315 pos 0.378572 0.5633014
186.7309 pos 0.3901921 0.6041536
186.8306 pos 0.5878056 0.5976269
186.9303 pos 0.8295166 0.6005608
187.0298 pos 0.9134077 0.5846175
187.1294 pos 0.7959257 0.4940394
187.229 pos 0.7135093 0.440103
187.3287 pos 0.6653834 0.4410153
187.4284 pos 0.5879517 0.5032152
187.5279 pos 0.4412793 0.5234944
187.6278 pos 0.3232007 0.5168424
187.6775 gestureEnd beyond
190.3172 gestureStart
190.3172 pos 0.8490393 0.3068199
190.4003 delete
190.5663 gestureStart
190.5663 pos 0.8359199 0.2982309
190.6661 delete
192.9738 gestureStart
192.9738 pos -0.4100636 0.4481183
194.5843 gestureStart
194.5843 pos 0.239773 0.574549
194.6839 pos 0.2640572 0.4809671
194.7835 pos 0.330256 0.3848568
194.8831 pos 0.3912323 0.3629433
194.9828 pos 0.4541355 0.3880966
195.0824 pos 0.5609742 0.3915636
195.1819 pos 0.5652727 0.3958024
195.2816 pos 0.4869801 0.4198385
195.3814 gestureEnd sang
196.427 gestureStart
196.427 pos -0.3588989 0.4759876
196.4936 delete
198.2033 gestureStart
198.2033 pos 0.4523727 0.6081219
198.303 pos 0.8215373 0.5562852
198.4026 pos 0.8534161 0.5093591
198.5022 pos 0.5937673 0.5292849
198.6018 pos 0.3222379 0.5656153
198.7013 pos 0.1480663 0.5870826
198.8011 pos 0.126795 0.5716785
198.9006 pos 0.2061481 0.5303292
199.0002 pos 0.3063405 0.4722197
199.0997 pos 0.3658593 0.387271
199.1994 pos 0.3769925 0.4109018
199.299 pos 0.3993303 0.508613
199.3987 pos 0.453871 0.610162
199.4981 pos 0.6054332 0.6399886
199.5979 pos 0.8371522 0.6329671
199.6975 pos 0.9431682 0.586013
199.7971 pos 0.8186761 0.5134277
199.8969 pos 0.6727589 0.444994
199.9964 pos 0.5476882 0.3922597
200.0959 pos 0.4132488 0.4308677
200.1956 pos 0.2366384 0.4947516
200.2951 pos 0.1457094 0.5425022
200.3451 gestureEnd totals
203.217 gestureStart
203.217 pos -0.4414019 0.4107046
203.2836 delete
204.9271 gestureStart
204.9271 pos 0.2084231 0.6049816
205.0267 pos 0.3038779 0.6047901
205.1263 pos 0.4310993 0.6019117
205.226 pos 0.7698172 0.5908899
205.3255 pos 1.083284 0.5437307
205.4252 pos 0.9729654 0.4847137
205.5248 pos 0.6888788 0.492286
205.6244 pos 0.4320956 0.5261614
205.7241 pos 0.3283354 0.5410878
205.8237 pos 0.3467618 0.5277683
205.9232 pos 0.4332119 0.489908
206.0228 pos 0.4402969 0.4297904
206.1224 pos 0.4355573 0.35979
206.222 pos 0.4454509 0.3618547
206.3217 pos 0.4984623 0.4214683
206.4215 pos 0.5322379 0.4747911
206.5211 pos 0.5425481 0.5313755
206.6707 pos 0.5966682 0.6198916
206.77 pos 0.6433283 0.6334476
206.8697 pos 0.6974664 0.6305268
206.9693 pos 0.7732372 0.6066679
207.0689 pos 0.8743281 0.5718479
207.1687 pos 0.8388799 0.5038804
207.2682 pos 0.7258216 0.4253975
207.3677 pos 0.5669112 0.3790094
207.4673 pos 0.3356587 0.4212467
207.567 pos 0.1396312 0.4451985
207.6668 pos 0.1030941 0.4873572
207.7165 gestureEnd episodes
210.5556 gestureStart
210.5556 pos -0.4243633 0.4544694
210.6552 pos -0.4285633 0.4432648
210.6718 delete
211.8503 gestureStart
211.8503 pos 0.3076798 0.6061181
211.95 pos 0.4660147 0.5810863
212.0496 pos 0.7302082 0.5269429
212.1492 pos 0.7293658 0.4969964
212.2986 pos 0.4481294 0.5867813
212.3982 pos 0.3324829 0.6561166
212.4979 pos 0.2608927 0.6510437
212.5973 pos 0.2677915 0.6221058
212.6969 pos 0.2677752 0.5391408
212.7965 pos 0.3130294 0.4452168
212.896 pos 0.3809018 0.3274046
212.9957 pos 0.3981258 0.3376136
213.0953 pos 0.3826732 0.4510488
213.1949 pos 0.3805497 0.5832929
213.2945 pos 0.4624723 0.651141
213.3941 pos 0.7398059 0.6373652
213.4938 pos 0.9691659 0.6082734
213.5934 pos 0.8626787 0.5325582
213.693 pos 0.6639434 0.4554949
213.7926 pos 0.5095011 0.3759259
213.8922 pos 0.4313566 0.409755
213.9918 pos 0.3222803 0.4891693
214.0913 pos 0.2175295 0.5011067
214.1911 pos 0.1695243 0.4980837
214.2906 pos 0.1824613 0.4990554
214.3072 gestureEnd electronics
216.8467 gestureStart
216.8467 pos 0.8432834 0.2651088
216.8801 delete
218.1913 gestureStart
218.1913 pos -0.4996123 0.4306827
218.6894 gestureStart
218.6894 pos -0.3670695 0.4583712
220.0836 gestureStart
220.0836 pos 0.2639169 0.6067401
220.1833 pos 0.446274 0.5690107
220.2829 pos 0.6832473 0.5060306
220.3826 pos 0.7884707 0.4823839
220.4821 pos 0.8492489 0.478332
220.5818 pos 0.777514 0.4957941
220.6813 pos 0.6009876 0.5394218
220.781 pos 0.4100799 0.5847732
220.8805 pos 0.2746958 0.619629
220.9802 pos 0.2218784 0.6448513
221.0798 pos 0.2453261 0.6179821
221.1794 pos 0.2935192 0.509857
221.279 pos 0.3300192 0.3635639
221.3786 pos 0.345282 0.3642648
221.4783 pos 0.4098873 0.4845847
221.5779 pos 0.4650654 0.6261331
221.6775 pos 0.556704 0.6594003
221.7771 pos 0.6976852 0.6087026
221.8768 pos 0.8147745 0.557179
221.9763 pos 0.8177863 0.5635632
222.0759 pos 0.7165444 0.5150362
222.1755 pos 0.5766209 0.4042568
222.2751 pos 0.4621247 0.2852711
222.3747 pos 0.4007424 0.3057483
222.4744 pos 0.3528831 0.3326946
222.5739 pos 0.30145 0.3731967
222.6734 pos 0.2880753 0.4139583
222.7731 pos 0.3010794 0.4896616
222.8726 pos 0.3196087 0.509369
222.9721 pos 0.3156374 0.5001996
223.0718 pos 0.2841242 0.4851035
223.1713 pos 0.2182774 0.4797719
223.271 pos 0.1920973 0.4841767
223.3706 pos 0.1951152 0.485132
223.4039 gestureEnd electronics
225.3124 gestureStart
225.3124 pos 0.350159 0.7153913
225.3624 select electrons
227.1713 gestureStart
227.1713 pos -0.4748081 0.431653
227.238 delete
229.7276 gestureStart
229.7276 pos 0.2362223 0.6037992
229.8273 pos 0.2449226 0.6039269
229.9269 pos 0.3379915 0.6038899
230.0763 pos 0.7929322 0.5845151
230.1759 pos 0.8930925 0.5730191
230.2755 pos 0.8689708 0.5832846
230.3752 pos 0.734388 0.5685713
230.4747 pos 0.5365342 0.5443367
230.5742 pos 0.3269442 0.5511644
230.6738 pos 0.1629819 0.5591221
230.7734 pos 0.1435663 0.5525541
230.8731 pos 0.1945609 0.5307092
230.9726 pos 0.2507287 0.522194
231.0721 pos 0.28524 0.488497
231.1717 pos 0.3069419 0.4244027
231.2713 pos 0.3310558 0.3624492
231.3712 pos 0.3391318 0.3681508
231.4705 pos 0.3382623 0.3937097
231.5702 pos 0.3311625 0.4403025
231.6698 pos 0.3451526 0.4788191
231.7694 pos 0.4141563 0.5447831
231.8692 pos 0.5182632 0.5910831
231.9687 pos 0.5762877 0.5840493
232.0682 pos 0.6484324 0.5740865
232.1679 pos 0.7809744 0.5709618
232.2673 pos 0.8657166 0.5685995
232.3673 pos 0.8235687 0.5368109
232.4666 pos 0.7145088 0.4790551
232.5662 pos 0.6043032 0.385386
232.6658 pos 0.5016151 0.418734
232.7654 pos 0.3566746 0.4297493
232.8652 pos 0.248454 0.4474015
232.9646 pos 0.2263384 0.4486183
233.0642 pos 0.2328735 0.4751579
233.1305 gestureEnd electrons
234.5912 gestureStart
234.5912 pos 0.5382016 0.3984071
234.6907 pos 0.526563 0.4155429
234.7902 pos 0.4210985 0.5054253
234.8899 pos 0.3270586 0.5938075
234.9895 pos 0.3464698 0.6356435
235.0891 pos 0.4717814 0.6510583
235.1886 pos 0.7093527 0.6240779
235.2883 pos 0.7977902 0.5816395
235.3878 pos 0.7424978 0.515763
235.4874 pos 0.7021151 0.4660811
235.587 pos 0.6766267 0.4291188
235.6866 pos 0.6355957 0.4430541
235.7862 pos 0.5298411 0.4896598
235.8858 pos 0.4421619 0.5162564
235.9854 pos 0.4382648 0.513261
236.0021 gestureEnd bring
236.9648 gestureStart
236.9648 pos 0.8565186 0.6209882
237.0643 pos 0.850427 0.6086201
237.1639 pos 0.7674916 0.6069537
237.2634 pos 0.6327208 0.6243781
237.363 pos 0.5253704 0.631484
237.4627 pos 0.4626506 0.6130257
237.4959 gestureEnd out
238.392 gestureStart
238.392 pos 0.5168251 0.5400345
238.4916 pos 0.5512075 0.5253565
238.5912 pos 0.6071646 0.5192549
238.6908 pos 0.6278677 0.507631
238.7903 pos 0.6013188 0.4846046
238.8899 pos 0.5254336 0.4744177
238.9896 pos 0.3755267 0.5035463
239.0892 pos 0.2443461 0.5683725
239.1887 pos 0.1951331 0.5820083
239.2885 gestureEnd tubes
240.3175 gestureStart
240.3175 pos 0.5350057 0.7082065
240.4171 select the
241.2635 gestureStart
241.2635 pos 0.5670066 0.3974363
241.3631 pos 0.5199658 0.4573997
241.4627 pos 0.4239701 0.5583102
241.5622 pos 0.2988625 0.6076767
241.6619 pos 0.2497047 0.6078959
241.7616 pos 0.2408318 0.5959513
241.8612 pos 0.1884988 0.545797
241.9606 pos 0.1961558 0.481273
242.0602 pos 0.2265857 0.4783573
242.1598 pos 0.343334 0.5102683
242.2594 pos 0.4325807 0.5750715
242.3591 pos 0.4743808 0.5948816
242.4421 gestureEnd best
243.637 gestureStart
243.637 pos -0.1793678 0.3398767
243.7366 pos -0.2321497 0.3339319
249.7777 phrase space is a high priority
252.3836 gestureStart
252.3836 pos 0.1723848 0.501055
252.4833 pos 0.2550398 0.503594
252.5829 pos 0.5310129 0.5218972
252.6824 pos 0.9997867 0.5408081
252.7821 pos 1.135789 0.5425453
252.8817 pos 0.9599773 0.5554801
252.9812 pos 0.7650877 0.5841913
253.081 pos 0.5765561 0.5876886
253.2304 pos 0.3719914 0.5499965
253.33 pos 0.2110815 0.5065304
253.4295 pos 0.1298935 0.4846763
253.5292 pos 0.09389982 0.4798275
253.6287 pos 0.1469445 0.4600195
253.7283 pos 0.2787168 0.4326485
253.8279 pos 0.3854855 0.3835351
253.9276 pos 0.3727281 0.406778
254.0271 pos 0.3107328 0.5083622
254.1267 pos 0.2933704 0.5477678
254.2263 pos 0.2931928 0.5532644
254.3095 gestureEnd spare
255.6701 gestureStart
255.6701 pos 0.7697749 0.5894027
255.7696 pos 0.7096278 0.5888002
255.8692 pos 0.5449027 0.596111
255.9688 pos 0.373955 0.5862285
256.0684 pos 0.3308087 0.561526
256.168 pos 0.3322796 0.5418798
256.2676 pos 0.3020063 0.5265276
256.3672 pos 0.2102016 0.505344
256.4667 pos 0.1635836 0.4900428
256.5165 gestureEnd its
257.6286 gestureStart
257.6286 pos 0.06032419 0.70366
257.6784 select is
258.3258 gestureStart
258.3258 pos 0.07559986 0.4922151
258.4088 gestureEnd a
259.2719 gestureStart
259.2719 pos 0.5972925 0.4952227
259.3715 pos 0.6189489 0.522118
259.4712 pos 0.7682331 0.5676245
259.5706 pos 0.800437 0.5758369
259.6703 pos 0.6961947 0.5729619
259.7699 pos 0.5657191 0.5676476
259.8694 pos 0.4724434 0.543735
259.9691 pos 0.4705132 0.5220042
260.0687 pos 0.5162284 0.4975966
260.1683 pos 0.5810726 0.5031431
260.2679 pos 0.6352373 0.4971299
260.2845 gestureEnd high
261.8613 gestureStart
261.8613 pos 0.9343371 0.6192787
261.9608 pos 0.9307488 0.6105337
262.0605 pos 0.8696084 0.6042051
262.1599 pos 0.6834124 0.6167444
262.2596 pos 0.511088 0.6273212
262.3593 pos 0.4389491 0.6289881
262.4588 pos 0.4245493 0.6182593
262.5584 pos 0.3702159 0.5955203
262.6581 pos 0.3305266 0.5785751
262.7577 pos 0.3858238 0.5687548
262.8573 pos 0.5359731 0.5563389
262.9568 pos 0.7463743 0.5491153
263.0564 pos 0.8972441 0.5433857
263.156 pos 0.8756919 0.5408576
263.2558 pos 0.7642548 0.5508913
263.3551 pos 0.7045043 0.5721573
263.4547 pos 0.7034402 0.5812756
263.5544 pos 0.6804364 0.5842864
263.6539 pos 0.596674 0.5782459
263.7536 pos 0.5377088 0.5780869
263.853 pos 0.4643939 0.5782999
263.9527 pos 0.3890871 0.5816556
264.0522 pos 0.4103828 0.5799403
264.1519 pos 0.4573091 0.5772694
264.2516 pos 0.5303559 0.5835554
264.351 pos 0.6918135 0.587263
264.5004 pos 0.7075467 0.591559
264.6 pos 0.5738037 0.602838
264.6996 pos 0.478666 0.6055216
264.7994 pos 0.4386626 0.6029714
264.8987 pos 0.4839369 0.597081
264.9982 pos 0.5260431 0.5968245
265.0813 gestureEnd profit
267.4381 gestureStart
267.4381 pos 0.5017939 0.6622173
267.5377 pos 0.4935851 0.6809802
267.5544 select priority
268.7659 gestureStart
268.7659 pos -0.2851368 0.3333012
270.1602 delete
270.1602 delete
270.1602 delete
270.1602 delete
270.1602 delete
271.3718 gestureStart
271.3718 pos 0.1850069 0.472553
271.4713 pos 0.3146242 0.4905186
271.571 pos 0.7549741 0.5339061
271.6706 pos 1.085057 0.5368636
271.7702 pos 0.9558917 0.5750725
271.8698 pos 0.6721091 0.6210142
271.9694 pos 0.4075612 0.6362456
272.0689 pos 0.1642969 0.5572696
272.1686 pos 0.03394403 0.5066656
272.2682 pos 0.03312273 0.462918
272.3678 pos 0.1120603 0.4538653
272.4674 pos 0.2349977 0.4359952
272.567 pos 0.3203088 0.3942215
272.6665 pos 0.328898 0.393638
272.7661 pos 0.3111537 0.5059237
272.8657 pos 0.2899753 0.6117832
272.9653 pos 0.2790678 0.5832094
273.0648 pos 0.2417669 0.5510946
273.0814 gestureEnd space
274.0609 gestureStart
274.0609 pos 0.7889159 0.6068017
274.1604 pos 0.7426338 0.6043289
274.2599 pos 0.6639918 0.5772485
274.3595 pos 0.4397392 0.5473124
274.459 pos 0.2038039 0.552561
274.5587 pos 0.1409089 0.5298246
274.6583 pos 0.1601787 0.5165088
274.7413 gestureEnd is
275.5544 gestureStart
275.5544 pos 0.01953936 0.4885746
275.6212 gestureEnd a
276.5339 gestureStart
276.5339 pos 0.5966699 0.5062531
276.6335 pos 0.674418 0.5201511
276.7332 pos 0.740163 0.5547062
276.8329 pos 0.740321 0.5890573
276.9323 pos 0.6902174 0.5979123
277.0319 pos 0.5787634 0.5711107
277.1313 pos 0.5104284 0.5203857
277.231 pos 0.4980851 0.492224
277.3307 pos 0.523469 0.4863026
277.4302 pos 0.5815208 0.4906555
277.5298 pos 0.6189067 0.4942478
277.6129 gestureEnd high
278.559 gestureStart
278.559 pos 0.9299763 0.5892057
278.6586 pos 0.9339564 0.5916321
278.758 pos 0.927641 0.5909399
278.8577 pos 0.7868499 0.6035146
278.9572 pos 0.5839567 0.6134379
279.0569 pos 0.437564 0.6187643
279.1563 pos 0.4284882 0.6097546
279.256 pos 0.5364549 0.5990698
279.3556 pos 0.6838995 0.583232
279.4552 pos 0.802196 0.5717912
279.5548 pos 0.848334 0.5683961
279.6544 pos 0.8407203 0.5660755
279.7539 pos 0.7712802 0.5753644
279.8535 pos 0.6425674 0.5826267
279.953 pos 0.5185255 0.5875993
280.0528 pos 0.4479227 0.5824865
280.1524 pos 0.3366019 0.5933295
280.252 pos 0.2344054 0.5960877
280.3515 pos 0.2793958 0.5936839
280.4511 pos 0.4455735 0.5885655
280.6005 pos 0.6575313 0.5976469
280.7 pos 0.6873846 0.5978033
280.7996 pos 0.6946743 0.5987815
280.8992 pos 0.6246287 0.5971446
280.9988 pos 0.5034117 0.5921037
281.0984 pos 0.4535206 0.5896009
281.198 pos 0.4756423 0.5880245
281.2976 pos 0.5493393 0.5852277
281.3972 pos 0.5844333 0.5852357
281.4967 gestureEnd properly
284.8828 gestureStart
284.8828 pos -0.2042016 0.3500932
284.9823 pos -0.2097749 0.3481488
286.7585 delete
286.7585 delete
286.7585 delete
286.7585 delete
286.7585 delete
288.0197 gestureStart
288.0197 pos 0.1552904 0.4436541
288.1193 pos 0.17088 0.4420422
288.219 pos 0.183282 0.4567676
288.3185 pos 0.2519754 0.4842257
288.4181 pos 0.452696 0.5250218
288.5177 pos 0.7980919 0.5747674
288.6172 pos 0.9351183 0.5927836
288.7168 pos 0.8729553 0.5964717
288.8164 pos 0.7199553 0.5749824
288.916 pos 0.4628132 0.538855
289.0157 pos 0.2386758 0.496455
289.1152 pos 0.1471276 0.4691376
289.2148 pos 0.1464231 0.4523594
289.3144 pos 0.2163471 0.4324794
289.4142 pos 0.3269392 0.4075658
289.5134 pos 0.374973 0.3911708
289.6131 pos 0.3638442 0.4140123
289.7126 pos 0.3459674 0.4620737
289.8122 pos 0.2946375 0.50461
289.912 pos 0.2299372 0.5395668
290.0113 pos 0.2172158 0.5540168
290.0448 gestureEnd space
291.3225 gestureStart
291.3225 pos 0.7710364 0.6076055
291.4221 pos 0.7341523 0.6172881
291.5217 pos 0.6328091 0.5816393
291.6213 pos 0.4851274 0.5204828
291.7209 pos 0.3428374 0.5116961
291.8703 pos 0.2281536 0.4800943
291.9699 pos 0.2158816 0.4603219
292.0695 pos 0.2263739 0.4443842
292.1193 gestureEnd is
293.0489 gestureStart
293.0489 pos 0.01088171 0.4646204
293.1154 gestureEnd a
294.0115 gestureStart
294.0115 pos 0.6094892 0.5012822
294.1112 pos 0.71155 0.5244113
294.2108 pos 0.7710963 0.5812865
294.3104 pos 0.7391438 0.6316313
294.41 pos 0.7144714 0.6104584
294.5096 pos 0.6494884 0.5600815
294.6091 pos 0.5742989 0.5027168
294.7087 pos 0.5193743 0.4883109
294.8083 pos 0.5194102 0.4802842
294.9078 pos 0.5482086 0.4752814
295.0075 pos 0.5849428 0.4777556
295.1071 gestureEnd high
295.9206 gestureStart
295.9206 pos 0.968486 0.5976861
296.02 pos 0.9409455 0.5972253
296.1195 pos 0.8384384 0.5940449
296.2193 pos 0.6348373 0.5925011
296.3188 pos 0.4946161 0.5966437
296.4185 pos 0.4579473 0.6025648
296.5181 pos 0.4726925 0.6100842
296.6675 pos 0.4851309 0.6055645
296.7671 pos 0.5819958 0.6040152
296.8668 pos 0.765148 0.6043717
296.9664 pos 0.9123117 0.6024232
297.0659 pos 0.9467174 0.5990845
297.1656 pos 0.8617232 0.5972212
297.2651 pos 0.7484502 0.5985138
297.3647 pos 0.5691949 0.5963331
297.4645 pos 0.3823221 0.6035067
297.564 pos 0.3370779 0.5961515
297.6634 pos 0.3925133 0.5955472
297.763 pos 0.5261727 0.5984172
297.8627 pos 0.7352024 0.5995194
297.9622 pos 0.8431443 0.5956969
298.0619 pos 0.7760792 0.5864545
298.1616 pos 0.6732244 0.59244
298.261 pos 0.548489 0.5935827
298.3606 pos 0.4607006 0.5858278
298.4602 pos 0.4566375 0.5821224
298.5598 pos 0.4873352 0.5775272
298.6594 pos 0.5706584 0.5796147
298.7428 gestureEnd publicity
302.1124 gestureStart
302.1124 pos 0.5492802 0.7002009
302.212 select priority
302.9922 gestureStart
302.9922 pos -0.205925 0.3257015
304.5526 phrase safe to walk the streets in the evening
310.3783 gestureStart
310.3783 pos 0.1891965 0.520914
310.478 pos 0.1705296 0.5170704
310.5775 pos 0.115916 0.5182384
310.6771 pos 0.1235507 0.515977
310.7765 pos 0.1625389 0.5067711
310.8762 pos 0.1961559 0.5064874
310.9759 pos 0.276761 0.5056367
311.0754 pos 0.3191471 0.511399
311.175 pos 0.328119 0.5178029
311.2745 pos 0.3094748 0.5304143
311.3742 pos 0.2873717 0.5433656
311.4738 pos 0.2776302 0.5607879
311.5733 pos 0.2561962 0.5856507
311.6729 pos 0.2306688 0.5984805
311.7726 gestureEnd safe
312.8182 gestureStart
312.8182 pos 0.3535417 0.602451
312.9176 pos 0.3640381 0.6084761
313.0172 pos 0.4610668 0.6115196
313.1169 pos 0.5447429 0.6047411
313.2164 pos 0.609127 0.6041251
313.3161 pos 0.7367942 0.6110979
313.4156 pos 0.8166623 0.6096995
313.5152 pos 0.825093 0.6062543
313.5982 gestureEnd rio
314.5277 gestureStart
314.5277 pos 0.5713143 0.7347999
314.6273 select to
315.3244 gestureStart
315.3244 pos 0.1527115 0.5511849
315.424 pos 0.1396571 0.5444127
315.5236 pos 0.1221909 0.5387568
315.6231 pos 0.1245624 0.5198898
315.7227 pos 0.1440993 0.5056988
315.8224 pos 0.302496 0.4998955
315.9219 pos 0.6126851 0.5111402
316.0214 pos 0.9310575 0.5120903
316.1211 pos 1.065585 0.4933522
316.2207 pos 1.006122 0.4766687
316.3203 pos 0.912269 0.4807262
316.4198 pos 0.8102445 0.4910495
316.5194 pos 0.769012 0.4930557
316.6024 gestureEnd silk
318.5771 gestureStart
318.5771 pos -0.5476219 0.473025
318.6767 pos -0.5037926 0.4730216
318.6933 delete
318.6933 delete
318.6933 delete
320.2201 gestureStart
320.2201 pos 0.19974 0.4960204
320.3196 pos 0.1850899 0.4726393
320.4191 pos 0.08397827 0.4541812
320.5188 pos -0.01995187 0.4452344
320.6183 pos 0.02392621 0.4241092
320.7179 pos 0.1431685 0.4330541
320.8175 pos 0.2895506 0.4500813
320.9171 pos 0.3594539 0.4722178
321.0166 pos 0.3724678 0.5073645
321.1162 pos 0.3754451 0.5513347
321.2158 pos 0.3702203 0.5859088
321.3154 pos 0.3026162 0.6117125
321.415 pos 0.2461499 0.6280611
321.5146 gestureEnd safe
322.3942 gestureStart
322.3942 pos 0.4429783 0.5876896
322.4938 pos 0.4506277 0.6000879
322.5932 pos 0.478262 0.6163496
322.6928 pos 0.6249817 0.6302667
322.7924 pos 0.7849356 0.6204666
322.892 pos 0.8822182 0.6250483
322.9917 gestureEnd to
323.9872 gestureStart
323.9872 pos 0.1396858 0.6465542
324.0868 pos 0.1541973 0.6479296
324.1864 pos 0.1754522 0.638317
324.2859 pos 0.1550236 0.6009469
324.3855 pos 0.09016299 0.5484964
324.4851 pos 0.06086564 0.5260863
324.5847 pos 0.1658704 0.4947146
324.6844 pos 0.4938109 0.518898
324.784 pos 0.8214726 0.5295929
324.8834 pos 0.9484509 0.5063007
324.9829 pos 0.9018151 0.4946272
325.0825 pos 0.8326211 0.5015903
325.1821 pos 0.811896 0.5036135
325.2817 pos 0.7831036 0.5025806
325.2984 gestureEnd walk
326.3937 gestureStart
326.3937 pos 0.4609758 0.6201081
326.4931 pos 0.5027218 0.6007438
326.5927 pos 0.6170365 0.5817926
326.6922 pos 0.6601189 0.5449826
326.7919 pos 0.632145 0.5234969
326.8915 pos 0.5587755 0.5209063
326.991 pos 0.4526968 0.5367401
327.0906 pos 0.3153427 0.5632809
327.1902 pos 0.231389 0.5667294
327.2898 pos 0.2327147 0.5678203
327.3396 gestureEnd the
328.2025 gestureStart
328.2025 pos 0.2459582 0.5156469
328.3021 pos 0.3180861 0.5319332
328.4018 pos 0.3867872 0.5623577
328.5013 pos 0.4639357 0.5873078
328.601 pos 0.4726316 0.591674
328.7004 pos 0.4158884 0.6036123
328.8 pos 0.3322119 0.6156601
328.8996 pos 0.2657552 0.6175292
328.9992 pos 0.2782925 0.6122716
329.0988 pos 0.3582144 0.6062453
329.1983 pos 0.4283048 0.5944053
329.2979 pos 0.4571297 0.590198
329.3976 pos 0.4785866 0.5817912
329.4971 pos 0.4932446 0.5696346
329.5966 pos 0.4952492 0.5585407
329.6961 pos 0.4899253 0.5537782
329.7957 pos 0.4787761 0.5516632
329.8955 pos 0.4014806 0.5468389
329.9948 pos 0.2996259 0.5339125
330.0944 pos 0.2740788 0.5318097
330.1939 pos 0.2730302 0.525027
330.2935 pos 0.27316 0.5196877
330.3933 pos 0.2379675 0.5165478
330.4596 gestureEnd streets
331.837 gestureStart
331.837 pos 0.7638531 0.5915703
331.9365 pos 0.7561501 0.591045
332.0361 pos 0.7195158 0.5532481
332.1357 pos 0.6897326 0.4733977
332.2352 pos 0.6877416 0.4682159
332.3348 pos 0.6766683 0.4463291
332.4342 pos 0.6463247 0.3800543
332.5173 gestureEnd in
333.397 gestureStart
333.397 pos 0.4421226 0.5702977
333.4968 pos 0.4740799 0.5692002
333.5961 pos 0.5190136 0.5519513
333.6957 pos 0.5546886 0.5093107
333.7953 pos 0.5673845 0.5008196
333.8948 pos 0.491346 0.5230912
333.9945 pos 0.3384635 0.552408
334.0941 pos 0.2493404 0.5587865
334.1936 pos 0.2711802 0.5603248
334.2435 gestureEnd the
335.1063 gestureStart
335.1063 pos 0.2380786 0.5979429
335.206 pos 0.2930347 0.5672167
335.3054 pos 0.3895155 0.4935535
335.4049 pos 0.4346285 0.4389733
335.5045 pos 0.4023499 0.4561661
335.6042 pos 0.360218 0.4830792
335.7037 pos 0.3106027 0.5224594
335.8031 pos 0.2415751 0.5967975
335.9027 pos 0.1985612 0.6399585
336.0023 pos 0.2697224 0.6061023
336.1019 pos 0.4208548 0.5184793
336.2014 pos 0.5252401 0.4456651
336.3508 pos 0.6510645 0.4067083
336.4504 pos 0.7853817 0.3841396
336.55 pos 0.8669251 0.4333926
336.6495 pos 0.8452677 0.4995915
336.7491 pos 0.783812 0.5547191
336.8487 pos 0.7244964 0.597076
336.9482 pos 0.702849 0.6064472
337.0478 pos 0.7021616 0.538446
337.1473 pos 0.6964496 0.4291098
337.247 pos 0.6835839 0.3682334
337.3464 pos 0.6654266 0.3702166
337.4458 pos 0.6188952 0.3984323
337.5454 pos 0.5396323 0.4417545
337.6449 pos 0.4652689 0.476931
337.7448 pos 0.4663086 0.4958597
337.7945 gestureEnd earning
339.7191 gestureStart
339.7191 pos 0.4874417 0.696514
339.7856 select evening
340.6319 gestureStart
340.6319 pos -0.1947083 0.3222506
341.5613 phrase an excellent way to communicate
343.536 gestureStart
343.536 pos 0.1413119 0.5151621
343.6356 pos 0.259672 0.5076686
343.7351 pos 0.517482 0.4766072
343.8346 pos 0.6718693 0.4366511
343.9343 pos 0.6808187 0.4216783
344.0338 pos 0.6644377 0.4086548
344.0506 gestureEnd am
344.9631 gestureStart
344.9631 pos 0.2191012 0.6184791
345.0628 pos 0.2279883 0.589755
345.1626 pos 0.244843 0.4929003
345.262 pos 0.2495717 0.4243175
345.3615 pos 0.2588026 0.4157973
345.4612 pos 0.298602 0.4143537
345.5607 pos 0.3976651 0.3996648
345.6603 pos 0.3929292 0.432583
345.7598 pos 0.3350027 0.5045115
345.8594 pos 0.2660633 0.5716025
345.959 pos 0.2687573 0.6006272
346.0585 pos 0.3906838 0.6137611
346.1583 pos 0.6488248 0.5777645
346.2577 pos 0.8682668 0.5307115
346.3572 pos 0.8932419 0.4901091
346.4568 pos 0.8374692 0.4909732
346.5564 pos 0.6516074 0.5391221
346.6562 pos 0.4054736 0.5813675
346.7556 pos 0.2644393 0.5904159
346.8551 pos 0.2616004 0.5782275
346.9549 pos 0.3269303 0.5413892
347.0544 pos 0.4668751 0.4798498
347.1542 pos 0.5839816 0.4157204
347.2536 pos 0.6307765 0.4041663
347.3531 pos 0.6504043 0.4132298
347.4526 pos 0.5752387 0.4689555
347.6185 pos 0.424652 0.5688593
347.7183 pos 0.4313343 0.6162187
347.8177 pos 0.4523112 0.6188946
347.9172 gestureEnd excellent
348.6475 gestureStart
348.6475 pos 0.1751679 0.5660713
348.7469 pos 0.1615997 0.5901742
348.8466 pos 0.1369061 0.6007763
348.946 pos 0.1262089 0.5804735
349.0457 pos 0.1380615 0.5314634
349.1454 pos 0.1270661 0.5168439
349.2449 pos 0.1098424 0.5196536
349.3445 pos 0.2028039 0.5269049
349.4441 pos 0.3595856 0.54882
349.5435 pos 0.4305079 0.5941426
349.6431 pos 0.4334053 0.6031171
349.7428 pos 0.44385 0.6153776
349.8422 pos 0.4789194 0.6142738
349.9418 pos 0.5350524 0.6067263
350.0414 pos 0.5588784 0.5935247
350.1408 pos 0.5604599 0.5865758
350.1742 gestureEnd way
351.2364 gestureStart
351.2364 pos 0.4889985 0.6016145
351.3359 pos 0.541312 0.6065802
351.4355 pos 0.6709805 0.6101134
351.535 pos 0.8075022 0.6058103
351.6336 pos 0.8458583 0.6046483
351.734 pos 0.8294026 0.6050153
351.7674 gestureEnd to
352.763 gestureStart
352.763 pos 0.3543816 0.3827047
352.8624 pos 0.4094667 0.4313955
352.9621 pos 0.5667474 0.5132694
353.0617 pos 0.777094 0.6176084
353.1613 pos 0.8648094 0.617292
353.2608 pos 0.8282981 0.5994211
353.3604 pos 0.7886056 0.5321408
353.4599 pos 0.770248 0.4602839
353.5595 pos 0.7973905 0.4103209
353.659 pos 0.7900443 0.4309944
353.7586 pos 0.6799514 0.538279
353.8583 pos 0.6050962 0.5736507
353.9579 pos 0.6202258 0.5676204
354.0574 pos 0.6586772 0.5516335
354.157 pos 0.6588443 0.4251726
354.2565 pos 0.6200981 0.348404
354.3562 pos 0.6068138 0.3626048
354.4557 pos 0.6367314 0.4421465
354.5552 pos 0.6714978 0.5235678
354.6549 pos 0.6971296 0.5989595
354.7545 pos 0.7112348 0.6396435
354.8539 pos 0.7087003 0.6482176
354.9534 pos 0.6733801 0.6117758
355.0531 pos 0.6094679 0.5259403
355.1524 pos 0.500165 0.4343978
355.2521 pos 0.3607975 0.3857715
355.3517 pos 0.2604809 0.3565019
355.4513 pos 0.2191817 0.4028194
355.5507 pos 0.1729847 0.4873994
355.6503 pos 0.1387482 0.526317
355.7499 pos 0.1341589 0.5294892
355.8494 pos 0.2126579 0.5369139
355.949 pos 0.354437 0.5500783
356.0485 pos 0.4342711 0.5761474
356.1481 pos 0.4002864 0.6122618
356.2477 pos 0.3103291 0.6590216
356.3472 pos 0.2675841 0.6665835
356.4468 pos 0.2665499 0.6633497
356.5464 pos 0.2788648 0.6595919
356.646 pos 0.2974772 0.6416353
356.6627 gestureEnd communicate
360.2634 phrase yes you are very smart
362.0383 gestureStart
362.0383 pos 0.545312 0.6135273
362.1379 pos 0.5343958 0.6126445
362.2375 pos 0.4607896 0.6160784
362.3369 pos 0.2856553 0.6135774
362.4365 pos 0.1856885 0.6018358
362.536 pos 0.2403555 0.5774714
362.6356 pos 0.2686792 0.5410974
362.7351 pos 0.2410027 0.4982474
362.8347 pos 0.1916446 0.4811834
362.9342 pos 0.1778949 0.487918
362.9508 gestureEnd trees
364.0458 gestureStart
364.0458 pos 0.06458716 0.6710902
364.0627 select yes
364.7263 gestureStart
364.7263 pos 0.4972105 0.5973555
364.8257 pos 0.5963126 0.6088963
364.9252 pos 0.7278039 0.6176104
365.0249 pos 0.8378848 0.6221415
365.1243 pos 0.8847682 0.6272781
365.2239 pos 0.8475091 0.6163093
365.3235 pos 0.7451382 0.6105961
365.423 pos 0.6485518 0.5997795
365.5061 gestureEnd you
366.3189 gestureStart
366.3189 pos 0.0001085281 0.4645787
366.4185 pos 0.06198883 0.5034472
366.518 pos 0.1436386 0.5371048
366.6176 pos 0.2330852 0.5473362
366.7171 pos 0.3521522 0.543082
366.8168 pos 0.4427251 0.5581875
366.9163 pos 0.4367056 0.5621235
367.0158 pos 0.3947766 0.5689474
367.1154 pos 0.3694488 0.5772694
367.2149 pos 0.3601665 0.5767204
367.3145 pos 0.3072502 0.5701014
367.414 pos 0.2162337 0.5632906
367.5135 pos 0.195516 0.5604747
369.1729 gestureStart
369.1729 pos -0.4047519 0.4206796
369.2559 delete
369.2559 delete
370.7659 gestureStart
370.7659 pos 0.5571567 0.5944049
370.8656 pos 0.5027803 0.5964122
370.965 pos 0.4051045 0.60454
371.0646 pos 0.3287729 0.5975381
371.1643 pos 0.304681 0.584708
371.2639 pos 0.2703326 0.5513788
371.3633 pos 0.2074911 0.5210207
371.4628 pos 0.1326626 0.509887
371.5623 pos 0.1455516 0.5073109
371.579 gestureEnd yes
372.5747 gestureStart
372.5747 pos 0.5453984 0.5946604
372.6743 pos 0.5767559 0.5995691
372.7738 pos 0.7166106 0.6014462
372.8734 pos 0.861256 0.6036913
372.9729 pos 0.8473649 0.6011252
373.0725 pos 0.7425745 0.607262
373.1721 pos 0.6662404 0.6110055
373.2717 gestureEnd you
374.0185 gestureStart
374.0185 pos 0.07753392 0.4714282
374.118 pos 0.1430603 0.4845906
374.2175 pos 0.2058872 0.5129906
374.3172 pos 0.2445955 0.5484698
374.4166 pos 0.2610124 0.5837551
374.5163 pos 0.3238884 0.6069627
374.6159 pos 0.4246432 0.6260425
374.7154 pos 0.4520164 0.6271285
374.815 pos 0.4270189 0.618286
374.9146 pos 0.3813053 0.6080679
375.064 pos 0.3201432 0.5935686
375.1636 pos 0.2490401 0.5873078
375.2631 pos 0.1902309 0.5864155
375.3627 gestureEnd asserts
376.8064 gestureStart
376.8064 pos 0.5095868 0.6962199
376.9059 pos 0.5020634 0.6918086
376.9226 select are
377.7355 gestureStart
377.7355 pos 0.4195973 0.4107706
377.8351 pos 0.3794617 0.4669221
377.9345 pos 0.3031157 0.5200689
378.0342 pos 0.252373 0.5855166
378.1338 pos 0.2676943 0.6142042
378.2332 pos 0.351657 0.6054477
378.3329 pos 0.4653592 0.5934888
378.4325 pos 0.5379135 0.603689
378.532 pos 0.5420026 0.6003518
378.5487 gestureEnd very
379.5111 gestureStart
379.5111 pos 0.217888 0.5208321
379.6106 pos 0.2197672 0.5113807
379.7101 pos 0.3943045 0.4927433
379.8097 pos 0.6635392 0.4553895
379.9092 pos 0.7101231 0.4172657
380.0088 pos 0.6543276 0.4114363
380.1084 pos 0.5451615 0.4479779
380.2079 pos 0.4066705 0.4980038
380.3076 pos 0.2447815 0.5195784
380.4071 pos 0.1221208 0.5144582
380.5066 pos 0.07415147 0.5100218
380.6558 pos 0.160536 0.5214062
380.7554 pos 0.2825397 0.5569936
380.8549 pos 0.3528336 0.5798955
380.9545 pos 0.3761293 0.5922612
381.054 pos 0.3940739 0.5882521
381.1536 pos 0.4385381 0.5842102
381.2532 gestureEnd smart
383.1452 gestureStart
383.1452 pos -0.1798432 0.3111898
383.2446 pos -0.1832926 0.3144583
385.3023 phrase well connected with people
388.9193 gestureStart
388.9193 pos 0.1066365 0.6064671
389.0189 pos 0.1217351 0.6095588
389.1184 pos 0.2561864 0.609365
389.218 pos 0.4963709 0.6103787
389.3177 pos 0.7412431 0.592322
389.4172 pos 0.8198216 0.5503629
389.5167 pos 0.8778745 0.5201647
389.6162 pos 0.8783604 0.5032724
389.7159 gestureEnd will
390.8605 gestureStart
390.8605 pos 0.3337216 0.7213153
390.9601 select well
391.9058 gestureStart
391.9058 pos 0.3289908 0.4301251
392.0052 pos 0.3617586 0.4345298
392.1047 pos 0.4027688 0.4585932
392.2043 pos 0.5165123 0.5337374
392.3039 pos 0.7590264 0.6290458
392.4034 pos 0.8608191 0.6171582
392.5031 pos 0.8775833 0.5914328
392.6025 pos 0.8478981 0.5563369
392.7022 pos 0.7857648 0.4931235
392.8017 pos 0.7066178 0.398918
392.9012 pos 0.6333386 0.3615156
393.0008 pos 0.5789533 0.3913266
393.1004 pos 0.5512941 0.4315394
393.1998 pos 0.4999359 0.468558
393.2994 pos 0.416889 0.505335
393.399 pos 0.3172503 0.5451363
393.4984 pos 0.2613612 0.5456392
393.5981 pos 0.2543458 0.5458094
393.6976 pos 0.2679617 0.4926302
393.7971 pos 0.2992014 0.3660245
393.8967 pos 0.3277059 0.350489
393.9964 pos 0.3589821 0.4051418
394.0961 pos 0.4026554 0.5058218
394.1954 pos 0.4375033 0.5337164
394.295 pos 0.4504297 0.5480554
394.3945 pos 0.4373301 0.6361968
394.494 pos 0.3785622 0.684899
394.5938 pos 0.3395085 0.6749933
394.6931 pos 0.3329369 0.6429121
394.7926 pos 0.3004532 0.6154001
394.8922 pos 0.2748716 0.6036459
394.9916 pos 0.2720802 0.5809233
395.0916 pos 0.2950321 0.510739
395.1909 pos 0.3116077 0.4833626
395.2575 gestureEnd connected
396.1696 gestureStart
396.1696 pos 0.1755063 0.6182983
396.2694 pos 0.2205319 0.6265505
396.3689 pos 0.3718307 0.595504
396.4684 pos 0.5833284 0.5797073
396.5679 pos 0.7051743 0.5886975
396.6675 pos 0.6978468 0.6016662
396.767 pos 0.6379266 0.6083708
396.8667 pos 0.5444741 0.5954269
396.9662 pos 0.4527785 0.5850518
397.0656 pos 0.4608053 0.5768954
397.1653 pos 0.5255644 0.5277391
397.2649 pos 0.5933982 0.4943019
397.3644 pos 0.6335703 0.4853125
397.3812 gestureEnd with
398.3102 gestureStart
398.3102 pos 0.9155079 0.5790378
398.4097 pos 0.8363277 0.6031263
398.5092 pos 0.6875586 0.6191624
398.6089 pos 0.4913372 0.6133376
398.7084 pos 0.3833747 0.588612
398.8079 pos 0.3162547 0.5737423
398.9075 pos 0.2842165 0.5811617
399.0072 pos 0.2795764 0.5863495
399.1067 pos 0.3523498 0.6074769
399.2062 pos 0.5654696 0.6168033
399.3058 pos 0.8001934 0.6185114
399.4054 pos 0.9515666 0.6025394
399.5049 pos 1.025054 0.5774297
399.6044 pos 1.005098 0.5538644
399.7041 pos 0.9372342 0.5163116
399.8036 pos 0.8672649 0.4919288
399.9032 pos 0.7519594 0.5191635
400.0028 pos 0.5986779 0.5500187
400.1022 pos 0.4723609 0.593236
400.202 pos 0.4119539 0.596609
400.3015 pos 0.3783034 0.6186201
400.4011 pos 0.345771 0.6087663
400.5005 pos 0.3279582 0.5975996
400.6001 pos 0.3037894 0.5616971
400.6996 pos 0.2787611 0.5671736
400.7826 gestureEnd purple
402.2425 gestureStart
402.2425 pos 0.3260654 0.6945577
402.3421 select people
403.1218 gestureStart
403.1218 pos -0.3511501 0.3320532
405.5606 phrase a yard is almost as a meter
407.4352 gestureStart
407.4352 pos 0.06992717 0.4829653
407.4519 gestureEnd a
408.497 gestureStart
408.497 pos 0.5458195 0.5923771
408.5965 pos 0.4093912 0.5833716
408.7458 pos 0.07594466 0.5342377
408.8454 pos 0.05154877 0.4568363
408.945 pos 0.07855491 0.427761
409.0445 pos 0.09883122 0.4529965
409.1441 pos 0.1491476 0.5391393
409.2436 pos 0.237804 0.5587785
409.3431 pos 0.3157185 0.5506959
409.4426 pos 0.3722305 0.5555713
409.5422 pos 0.3755249 0.5473782
409.6417 pos 0.3517092 0.5042409
409.7412 pos 0.3415933 0.4808681
409.8408 pos 0.3358375 0.4554967
409.9402 pos 0.3184023 0.4403104
409.9903 gestureEnd yard
410.8694 gestureStart
410.8694 pos 0.7433729 0.5936763
410.9691 pos 0.7159945 0.5980081
411.0684 pos 0.5990723 0.5820416
411.1679 pos 0.4005238 0.5785573
411.2675 pos 0.2598229 0.5659106
411.3671 pos 0.2255251 0.5469676
411.4667 pos 0.2190407 0.5221752
411.5828 pos 0.2172792 0.5027118
411.6492 gestureEnd its
412.6277 gestureStart
412.6277 pos 0.2910346 0.7696971
412.6942 select is
413.5401 gestureStart
413.5401 pos 0.127371 0.4807774
413.6396 pos 0.1807269 0.4820633
413.7393 pos 0.4157795 0.4905778
413.8388 pos 0.7560655 0.4826886
413.9384 pos 0.9686724 0.4649596
414.038 pos 0.9470865 0.4615048
414.1375 pos 0.8304349 0.4505188
414.2371 pos 0.7809522 0.3968673
414.3863 pos 0.7908087 0.409363
414.4858 pos 0.8097185 0.5605278
414.5854 pos 0.8350533 0.5877685
414.6849 pos 0.8489804 0.584806
414.7845 pos 0.7682372 0.5651836
414.8839 pos 0.5813526 0.5694883
414.9836 pos 0.4103102 0.5492412
415.0831 pos 0.3142844 0.516306
415.1826 pos 0.2563557 0.4925168
415.2821 pos 0.2368242 0.4921567
415.3817 pos 0.2188817 0.4962423
415.4813 pos 0.2880509 0.534003
415.5808 pos 0.4240863 0.5670699
415.6804 pos 0.4881141 0.6046761
415.7799 pos 0.4832042 0.6030875
415.7964 gestureEnd almost
416.775 gestureStart
416.775 pos 0.1044054 0.4942531
416.8748 pos 0.1220938 0.4954455
416.9741 pos 0.1370345 0.4971092
417.0735 pos 0.239461 0.5096918
417.14 gestureEnd as
418.0856 gestureStart
418.0856 pos 0.1044021 0.4811249
418.1852 gestureEnd a
419.2971 gestureStart
419.2971 pos 0.7273333 0.4117995
419.3964 pos 0.7219141 0.4043807
419.496 pos 0.6266752 0.4495551
419.5956 pos 0.4535227 0.5109465
419.695 pos 0.3077168 0.607116
419.7947 pos 0.2126807 0.6381978
419.8941 pos 0.221596 0.6258437
419.9937 pos 0.3145621 0.6017166
420.0932 pos 0.4046301 0.5818852
420.1928 pos 0.3929912 0.5768566
420.2923 pos 0.3191295 0.5807599
420.3916 pos 0.2509093 0.5865077
420.4913 pos 0.2487865 0.5814677
420.5909 pos 0.2999635 0.5752367
420.6904 pos 0.3766331 0.575952
420.7734 gestureEnd meter
422.084 gestureStart
422.084 pos -0.2369287 0.3136742
423.2123 phrase the objective of the exercise
425.4685 gestureStart
425.4685 pos 0.4436458 0.5906375
425.5681 pos 0.4559048 0.5789514
425.6677 pos 0.5066907 0.5576538
425.7672 pos 0.5863329 0.5322168
425.8668 pos 0.593237 0.5260766
425.9663 pos 0.498414 0.5212234
426.0658 pos 0.3644621 0.5596818
426.1653 pos 0.2849465 0.5777309
426.2649 pos 0.290426 0.5774609
426.2982 gestureEnd the
427.1277 gestureStart
427.1277 pos 0.8294863 0.5916459
427.2273 pos 0.8251554 0.5913664
427.3269 pos 0.7846701 0.5457801
427.4265 pos 0.6983259 0.4769796
427.526 pos 0.5993798 0.4477737
427.6255 pos 0.5863382 0.4420919
427.725 pos 0.627221 0.4443161
427.8246 pos 0.6831701 0.494572
427.9242 pos 0.6905714 0.5510789
428.0237 pos 0.6068644 0.5741176
428.1233 pos 0.4321839 0.5980827
428.2228 pos 0.297753 0.6130575
428.3223 pos 0.2545843 0.6138002
428.4218 pos 0.2664145 0.5980271
428.5214 pos 0.3009487 0.5594105
428.6209 pos 0.3179151 0.5054696
428.7204 pos 0.3213616 0.4372097
428.82 pos 0.3442273 0.4282053
428.9195 pos 0.4318206 0.4370332
429.019 pos 0.4981085 0.4750334
429.1186 pos 0.5307747 0.5317093
429.2181 pos 0.5376585 0.549069
429.3177 pos 0.5483014 0.5593105
429.4171 pos 0.5798103 0.5717185
429.5168 pos 0.6513042 0.5839355
429.6163 pos 0.7296923 0.5873795
429.7158 pos 0.7660339 0.5806146
429.8153 pos 0.7166854 0.554145
429.9149 pos 0.6114887 0.4960523
430.0145 pos 0.5160971 0.4210132
430.114 pos 0.4680205 0.3924707
430.2136 pos 0.4319646 0.3981029
430.3131 pos 0.3807971 0.4525015
430.4792 pos 0.3052088 0.5082971
430.5786 pos 0.3111551 0.6191568
430.678 pos 0.3212938 0.6360035
430.7778 gestureEnd objective
431.707 gestureStart
431.707 pos 0.8027215 0.6046444
431.8067 pos 0.8569216 0.6053272
431.9059 pos 0.8872262 0.6007338
432.0055 pos 0.8594713 0.5904322
432.105 pos 0.7173218 0.5816078
432.2047 pos 0.5331547 0.5648468
432.3042 pos 0.4120665 0.5408838
432.4037 pos 0.3850968 0.5135763
432.5032 pos 0.3995509 0.5034024
432.5861 gestureEnd of
433.4156 gestureStart
433.4156 pos 0.4888579 0.6029431
433.515 pos 0.5053899 0.5963168
433.6147 pos 0.5196858 0.5782458
433.7142 pos 0.5378981 0.5546482
433.8137 pos 0.5996359 0.5196725
433.9132 pos 0.6277511 0.5075375
434.0127 pos 0.565147 0.5123984
434.1123 pos 0.4004166 0.535564
434.2119 pos 0.2817716 0.5613166
434.3114 pos 0.2867302 0.568406
434.3944 gestureEnd the
435.1577 gestureStart
435.1577 pos 0.2243514 0.6143886
435.3069 pos 0.2368728 0.5691664
435.4065 pos 0.2416132 0.4578202
435.506 pos 0.2308991 0.3837761
435.6054 pos 0.2270919 0.3866227
435.705 pos 0.2390986 0.4667708
435.8047 pos 0.261382 0.5489886
435.9043 pos 0.2842535 0.5878489
436.0038 pos 0.3330419 0.5944185
436.1033 pos 0.3963101 0.5874762
436.2029 pos 0.4208411 0.5548823
436.3025 pos 0.4047637 0.4677244
436.402 pos 0.3847272 0.3899239
436.5016 pos 0.3940113 0.3806959
436.6011 pos 0.479571 0.4079986
436.7008 pos 0.6165038 0.4948423
436.8002 pos 0.6990699 0.5822847
436.8997 pos 0.7036974 0.6381517
436.9992 pos 0.6560436 0.632754
437.0988 pos 0.5273358 0.5901159
437.1986 pos 0.3682044 0.549147
437.2979 pos 0.2769093 0.5203666
437.3975 pos 0.2321555 0.5169157
437.4969 pos 0.1904194 0.5056075
437.5966 pos 0.1807268 0.5192683
437.6964 pos 0.2068857 0.6051435
437.7958 pos 0.2376219 0.6130877
437.829 gestureEnd exercise
438.9405 gestureStart
438.9405 pos -0.1321146 0.3441852
484.1491 session normal_0.4_1
484.1491 phrase are you sure you want this
486.4388 gestureStart
486.4388 pos 0.09448423 0.4899796
486.5383 pos 0.1188036 0.5011031
486.6378 pos 0.3119827 0.5130541
486.7372 pos 0.3942572 0.585813
486.8369 pos 0.3075442 0.6002667
486.9364 pos 0.2231141 0.5895115
487.0359 pos 0.2236073 0.5803412
487.1687 gestureEnd address
488.1643 gestureStart
488.1643 pos 0.3440441 0.6998369
488.2639 select are
488.662 gestureStart
488.662 pos 0.5498461 0.5730444
488.7614 pos 0.5465208 0.5728456
488.8609 pos 0.6334738 0.5897769
488.9606 pos 0.8413593 0.5864614
489.0601 pos 0.8825255 0.5781755
489.1596 pos 0.7515321 0.5859553
489.2591 pos 0.6472952 0.6048564
489.3588 gestureEnd you
490.2382 gestureStart
490.2382 pos 0.2164167 0.5179058
490.3376 pos 0.3220196 0.5318565
490.4372 pos 0.5479159 0.5663524
490.5368 pos 0.6482298 0.5815647
490.6362 pos 0.5928416 0.5771929
490.7361 pos 0.4350639 0.5805468
490.8355 pos 0.3049796 0.6079671
490.9352 pos 0.2494947 0.6219901
491.018 gestureEnd sure
491.8144 gestureStart
491.8144 pos 0.5741454 0.5861824
491.9637 pos 0.5545539 0.5793048
492.0632 pos 0.6055629 0.5981078
492.1628 pos 0.7715983 0.5985502
492.2623 pos 0.8480684 0.5949388
492.3619 pos 0.7523293 0.5977327
492.4614 pos 0.6491153 0.609893
492.5609 pos 0.6240826 0.6100991
492.5941 gestureEnd you
493.4401 gestureStart
493.4401 pos 0.1723448 0.5871641
493.5396 pos 0.1212306 0.5861261
493.639 pos 0.1193897 0.5813063
493.7387 pos 0.1655335 0.5525457
493.8382 pos 0.1631124 0.5224519
493.9377 pos 0.0864213 0.4988545
494.0373 pos 0.0496396 0.4849069
494.1368 pos 0.1728607 0.4708515
494.2364 pos 0.3795861 0.4509726
494.336 pos 0.5139102 0.4247192
494.4355 pos 0.5821061 0.4128707
494.5351 pos 0.6624119 0.4312208
494.6346 pos 0.6985545 0.4427509
494.7341 pos 0.5997945 0.4892768
494.8337 pos 0.4851315 0.5349787
494.9332 pos 0.4623283 0.5700362
494.9995 gestureEnd wang
496.0116 gestureStart
496.0116 pos 0.3046065 0.7014412
496.0615 select want
496.6419 gestureStart
496.6419 pos 0.4543536 0.5773143
496.7414 pos 0.4618423 0.5797074
496.841 pos 0.5530278 0.5508236
496.9405 pos 0.6197206 0.4983616
497.0401 pos 0.6273622 0.5078976
497.1396 pos 0.6486874 0.5404648
497.2392 pos 0.7473793 0.5579298
497.3387 pos 0.8355226 0.5621695
497.438 pos 0.7598154 0.5714076
497.5876 pos 0.5774879 0.5678681
497.6871 pos 0.3467384 0.5401341
497.7866 pos 0.2406226 0.5232693
497.8861 pos 0.2100925 0.5135555
497.986 gestureEnd foods
499.0143 gestureStart
499.0143 pos 0.6797113 0.700991
499.1137 select this
500.076 gestureStart
500.076 pos -0.2170273 0.3480076
501.6022 phrase my bike has a flat tire
504.7048 gestureStart
504.7048 pos 0.7417412 0.4190387
504.8044 pos 0.6796365 0.4846647
504.9039 pos 0.5960948 0.5485972
505.0034 pos 0.5637923 0.5874164
505.0366 gestureEnd my
505.8991 gestureStart
505.8991 pos 0.511863 0.4128263
505.9987 pos 0.6109971 0.4811375
506.0982 pos 0.7254812 0.6323646
506.1978 pos 0.7481344 0.6663641
506.2974 pos 0.7593181 0.5965504
506.3969 pos 0.7613329 0.5157449
506.4965 pos 0.7574416 0.5058272
506.596 pos 0.697258 0.5099035
506.6955 pos 0.4668243 0.5525253
506.795 pos 0.2871236 0.5836208
506.8946 pos 0.260402 0.6058801
506.9941 pos 0.2273144 0.6055841
507.0273 gestureEnd bike
508.1887 gestureStart
508.1887 pos 0.6145664 0.497793
508.2884 pos 0.4681675 0.5050178
508.3878 pos 0.2523595 0.5298659
508.4874 pos 0.07742486 0.5152788
508.5869 pos 0.08043551 0.5021214
508.6865 pos 0.1529399 0.4999332
508.7862 pos 0.1859252 0.4997272
508.8857 gestureEnd has
509.4333 gestureStart
509.4333 pos 0.08613458 0.4807506
509.5327 pos 0.04205036 0.47359
509.5661 gestureEnd a
510.3292 gestureStart
510.3292 pos 0.4390019 0.4999385
510.4287 pos 0.4147284 0.4982288
510.5282 pos 0.4635577 0.503144
510.6279 pos 0.827971 0.5156439
510.7274 pos 1.015568 0.5000151
510.827 pos 0.8437404 0.4902866
510.9265 pos 0.5221716 0.49474
511.0259 pos 0.2573741 0.496658
511.1257 pos 0.1047268 0.4830974
511.2251 pos 0.0686091 0.4727257
511.3248 pos 0.1632139 0.4876339
511.4243 pos 0.346891 0.5580672
511.5238 pos 0.4652956 0.6101738
511.6234 pos 0.4698704 0.6069772
511.7062 gestureEnd flat
512.6187 gestureStart
512.6187 pos 0.4512525 0.6055846
512.7183 pos 0.4542936 0.6078292
512.8677 pos 0.6796697 0.6100287
512.9671 pos 0.7681539 0.6142312
513.0666 pos 0.6289898 0.6039311
513.1663 pos 0.4173828 0.6007622
513.2659 pos 0.2516949 0.5863307
513.3653 pos 0.1786287 0.5703529
513.4482 gestureEnd ties
514.5434 gestureStart
514.5434 pos 0.1262793 0.699998
514.6097 select tires
515.8206 gestureStart
515.8206 pos -0.1939897 0.3131065
516.816 delete
516.816 delete
516.816 delete
516.816 delete
516.816 delete
516.816 delete
518.0272 gestureStart
518.0272 pos 0.7084534 0.4364418
518.1268 pos 0.6381087 0.5339402
518.2263 pos 0.566577 0.5966197
518.3259 pos 0.5578827 0.6118886
518.3591 gestureEnd my
518.9563 gestureStart
518.9563 pos 0.5279644 0.3878309
519.0557 pos 0.6154098 0.4519127
519.1553 pos 0.7371902 0.550375
519.2549 pos 0.7698565 0.6286331
519.3545 pos 0.7493986 0.6303663
519.4541 pos 0.7329398 0.5710133
519.5536 pos 0.7472584 0.5037836
519.6531 pos 0.7541013 0.5018436
519.7527 pos 0.6600493 0.5445117
519.8522 pos 0.4594508 0.5826366
519.9518 pos 0.32883 0.6087335
520.0513 pos 0.2754638 0.6313827
520.101 gestureEnd bike
520.8806 gestureStart
520.8806 pos 0.5541605 0.4828339
520.9803 pos 0.4931206 0.4866248
521.0797 pos 0.3288041 0.5116549
521.1793 pos 0.1534902 0.5085508
521.2789 pos 0.07574768 0.4938164
521.3784 pos 0.1382389 0.5039849
521.478 pos 0.2177245 0.523648
521.5112 gestureEnd gas
522.5563 gestureStart
522.5563 pos 0.07772484 0.7527891
522.6061 select has
523.2863 gestureStart
523.2863 pos 0.07599077 0.4973124
523.3361 gestureEnd a
524.1158 gestureStart
524.1158 pos 0.3533087 0.4943595
524.2153 pos 0.4684828 0.5066517
524.3148 pos 0.6194759 0.5280765
524.4145 pos 0.9101502 0.5600576
524.5141 pos 0.9873552 0.5496682
524.6136 pos 0.7497357 0.5107264
524.7132 pos 0.4393132 0.4841082
524.8128 pos 0.2182566 0.4736623
524.9123 pos 0.1418499 0.4729603
525.0118 pos 0.1774606 0.4924387
525.1113 pos 0.3111374 0.5551577
525.2108 pos 0.4281046 0.6424051
525.3104 pos 0.4814414 0.6431197
525.3602 gestureEnd diplomat
526.4883 gestureStart
526.4883 pos 0.3022505 0.7311722
526.5051 select flat
527.0855 gestureStart
527.0855 pos 0.4891231 0.6092563
527.1852 pos 0.4906772 0.6074143
527.2847 pos 0.5874447 0.6233612
527.3843 pos 0.7696322 0.6352372
527.4838 pos 0.7856032 0.6212513
527.5834 pos 0.6368292 0.5941108
527.6829 pos 0.4643272 0.5818558
527.7825 pos 0.3349805 0.5727525
527.882 pos 0.2990265 0.57072
527.9816 gestureEnd tire
529.0436 gestureStart
529.0436 pos -0.172682 0.3458627
529.143 pos -0.2218864 0.3359707
530.0557 phrase that land is owned by the government
533.7385 gestureStart
533.7385 pos 0.4564267 0.6255298
533.8379 pos 0.54085 0.594545
533.9374 pos 0.6581752 0.5301154
534.037 pos 0.5006394 0.468557
534.1365 pos 0.1927275 0.4772789
534.2363 pos -0.08340583 0.4996368
534.3356 pos -0.06480904 0.5045891
534.4353 pos 0.1563772 0.5310103
534.5348 pos 0.3568349 0.5798044
534.6343 pos 0.3779402 0.5896443
534.7338 pos 0.3506497 0.6121224
534.7672 gestureEnd year
536.6746 gestureStart
536.6746 pos -0.3976448 0.4678577
536.741 delete
537.7031 gestureStart
537.7031 pos 0.4480209 0.6020257
537.8026 pos 0.5159268 0.5778409
537.9023 pos 0.591724 0.52359
538.0019 pos 0.5450397 0.476585
538.1014 pos 0.3784716 0.4609742
538.2009 pos 0.1528508 0.4585179
538.3005 pos 0.06442527 0.4574189
538.3999 pos 0.1956099 0.487309
538.4997 pos 0.4063578 0.5584268
538.6655 pos 0.4845682 0.5910591
538.765 gestureEnd that
539.5283 gestureStart
539.5283 pos 0.8696346 0.5061123
539.6277 pos 0.8486946 0.4875021
539.7272 pos 0.7306647 0.4874018
539.8268 pos 0.4232472 0.4989112
539.9264 pos 0.1117286 0.4920659
540.0259 pos 0.01214499 0.4776309
540.1254 pos 0.197037 0.4786702
540.2248 pos 0.4433266 0.4884079
540.3245 pos 0.6277748 0.4628898
540.424 pos 0.6566696 0.4134254
540.5236 pos 0.6165702 0.3953902
540.6232 pos 0.5443354 0.4223403
540.7227 pos 0.399989 0.4707624
540.8222 pos 0.2739069 0.4981439
540.9218 pos 0.2366624 0.5031687
540.9548 gestureEnd land
541.7179 gestureStart
541.7179 pos 0.7197596 0.5983558
541.8174 pos 0.6844794 0.5817575
541.9171 pos 0.5159569 0.5538461
542.0165 pos 0.3881186 0.5443989
542.116 pos 0.3475611 0.5256851
542.2156 pos 0.2905038 0.5219685
542.3151 pos 0.2163258 0.5141754
542.4146 pos 0.2062741 0.5075315
542.4644 gestureEnd is
543.377 gestureStart
543.377 pos 0.6878621 0.5882327
543.4767 pos 0.429602 0.605826
543.576 pos 0.1942479 0.5985434
543.6755 pos 0.2084145 0.5697042
543.7753 pos 0.3699432 0.5452111
543.8748 pos 0.609355 0.5130295
543.9742 pos 0.7285202 0.4399911
544.0739 pos 0.6073385 0.3803978
544.1734 pos 0.466923 0.4255377
544.2729 pos 0.392808 0.5310211
544.3723 pos 0.3429921 0.5944227
544.4719 pos 0.2928916 0.5736504
544.5714 pos 0.2578649 0.5296193
544.671 pos 0.2540439 0.5124108
544.7704 pos 0.3109185 0.5005781
544.8701 pos 0.358718 0.5105141
544.8868 gestureEnd urged
546.5459 gestureStart
546.5459 pos -0.4333089 0.4283477
546.6125 delete
546.6125 delete
546.6125 delete
546.6125 delete
547.7407 gestureStart
547.7407 pos 0.4590541 0.5917037
547.8403 pos 0.4648843 0.5757741
547.9398 pos 0.5569418 0.5326733
548.0394 pos 0.6638769 0.5095398
548.139 pos 0.5619275 0.5039482
548.2385 pos 0.3026019 0.4878756
548.3381 pos 0.08622842 0.4500795
548.4377 pos 0.1087213 0.4482786
548.5372 pos 0.2780702 0.4998677
548.6368 pos 0.3887943 0.5607231
548.7364 pos 0.4278058 0.5767199
548.8359 pos 0.4469429 0.595643
548.8526 gestureEnd that
549.7154 gestureStart
549.7154 pos 0.9117099 0.5158344
549.8148 pos 0.9212105 0.4993463
549.9142 pos 0.8057583 0.4948822
550.0138 pos 0.4924353 0.4991519
550.1135 pos 0.1991778 0.4800385
550.213 pos 0.06274195 0.4557162
550.3125 pos 0.09112801 0.4442943
550.412 pos 0.2927675 0.4551233
550.5116 pos 0.5447874 0.4528776
550.6111 pos 0.630802 0.3930176
550.7106 pos 0.605303 0.3748254
550.8102 pos 0.5538136 0.4026837
550.9098 pos 0.4755626 0.4698135
551.0093 pos 0.3591311 0.4919274
551.1088 pos 0.2625396 0.4965537
551.2086 gestureEnd land
552.0382 gestureStart
552.0382 pos 0.6900961 0.612204
552.1377 pos 0.7220192 0.6058284
552.2375 pos 0.7472659 0.596525
552.3369 pos 0.6509827 0.579786
552.4364 pos 0.466686 0.5580122
552.5361 pos 0.2730654 0.5337932
552.6357 pos 0.1743753 0.5321778
552.7352 pos 0.1881233 0.5314322
552.8016 gestureEnd is
553.5981 gestureStart
553.5981 pos 0.7969926 0.5798078
553.7475 pos 0.4974869 0.5947624
553.847 pos 0.2658735 0.6020115
553.9467 pos 0.1589735 0.5969198
554.0461 pos 0.2331001 0.5931091
554.1457 pos 0.4423552 0.5957404
554.2453 pos 0.6182354 0.528955
554.3448 pos 0.637817 0.4362841
554.4453 pos 0.5878888 0.4030837
554.5439 pos 0.5400846 0.4304865
554.6436 pos 0.4305246 0.5113662
554.7431 pos 0.2948221 0.5626938
554.8427 pos 0.2342149 0.576923
554.9423 pos 0.2581315 0.5728982
555.0418 pos 0.3038894 0.5354701
555.1415 pos 0.3253115 0.4955243
555.2411 gestureEnd owned
556.0045 gestureStart
556.0045 pos 0.5711783 0.3601128
556.1039 pos 0.5676629 0.3731754
556.2034 pos 0.5420801 0.4651142
556.3032 pos 0.5625123 0.5637144
556.4025 pos 0.6253188 0.6131694
556.4525 gestureEnd by
557.2654 gestureStart
557.2654 pos 0.5196393 0.5987178
557.365 pos 0.4794227 0.5936669
557.4646 pos 0.5063191 0.5673312
557.5642 pos 0.5452928 0.52902
557.6638 pos 0.6103171 0.4844908
557.7634 pos 0.6098354 0.4665647
557.863 pos 0.5002799 0.4721353
557.9626 pos 0.316424 0.5007221
558.0621 pos 0.2102422 0.5348751
558.1616 pos 0.2554706 0.5481994
558.2613 pos 0.3112528 0.5606291
558.2944 gestureEnd the
559.1406 gestureStart
559.1406 pos 0.5114192 0.4999456
559.2402 pos 0.5962422 0.5309325
559.3398 pos 0.7800487 0.5552773
559.4393 pos 0.8643023 0.5666965
559.5391 pos 0.7146616 0.5662116
559.6384 pos 0.5729793 0.5411749
559.7379 pos 0.5175454 0.4472924
559.8374 pos 0.4653048 0.386694
559.937 pos 0.385498 0.3915607
560.0366 pos 0.3260765 0.4702219
560.1362 pos 0.2634404 0.5752572
560.2357 pos 0.254274 0.6016119
560.3352 pos 0.3182483 0.6125476
560.4348 pos 0.458312 0.5755286
560.5345 pos 0.5535145 0.4916383
560.6338 pos 0.6599562 0.4093566
560.7333 pos 0.7452917 0.3524384
560.833 pos 0.7003677 0.3438392
560.9324 pos 0.6099141 0.4149306
561.0322 pos 0.4815456 0.512192
561.1315 pos 0.3822718 0.5460832
561.2311 pos 0.2990073 0.5841097
561.3307 pos 0.2605879 0.618037
561.4303 pos 0.2965208 0.6154
561.53 pos 0.4202974 0.5304234
561.6293 pos 0.5504114 0.4488451
561.7288 pos 0.6224562 0.420956
561.8283 pos 0.6237732 0.4702269
561.9279 pos 0.5686404 0.5207927
562.0276 pos 0.4314718 0.5522647
562.127 pos 0.3821872 0.5868746
562.2266 pos 0.4379002 0.6125537
562.2432 gestureEnd government
563.4042 gestureStart
563.4042 pos -0.2314377 0.3220105
564.2172 phrase destruction of the rain forest
567.3027 gestureStart
567.3027 pos 0.2830373 0.5681568
567.4022 pos 0.250162 0.5951356
567.5019 pos 0.2194492 0.5705646
567.6013 pos 0.2527022 0.4856783
567.7009 pos 0.2741341 0.4655369
567.8004 pos 0.2831185 0.5278595
567.9001 pos 0.374746 0.5695016
567.9996 pos 0.5148102 0.5662996
568.0992 pos 0.6028388 0.578314
568.1987 pos 0.7013118 0.5751795
568.2983 pos 0.7688433 0.5576056
568.3977 pos 0.7099216 0.5110872
568.4973 pos 0.6116465 0.4964985
568.5968 pos 0.5320382 0.4727913
568.6964 pos 0.4742405 0.4260309
568.7959 pos 0.3907846 0.3854931
568.8956 pos 0.324011 0.3778989
568.995 pos 0.3652281 0.4079222
569.0945 pos 0.4150717 0.5079858
569.1941 pos 0.4693211 0.6176569
569.2936 pos 0.5903394 0.5940114
569.3932 pos 0.7754619 0.573644
569.4927 pos 0.8695531 0.5546938
569.5922 pos 0.8015594 0.5252397
569.6918 pos 0.7151971 0.439719
569.7914 pos 0.6478847 0.3805371
569.8743 gestureEnd extinction
571.218 gestureStart
571.218 pos 0.6571548 0.7090455
571.3176 pos 0.7052631 0.6996232
571.3508 select destruction
571.7324 gestureStart
571.7324 pos 0.8358047 0.5974439
571.8318 pos 0.6717384 0.5668719
571.9314 pos 0.4941736 0.5242606
572.0308 pos 0.4080478 0.5108351
572.1306 gestureEnd of
572.512 gestureStart
572.512 pos 0.4468584 0.6047851
572.6115 pos 0.5517879 0.5882082
572.7109 pos 0.6324345 0.5511703
572.8105 pos 0.6646699 0.5085667
572.9101 pos 0.582006 0.5062169
573.0097 pos 0.4346686 0.5240191
573.1091 pos 0.3154545 0.5463645
573.2086 pos 0.2699451 0.5850891
573.242 gestureEnd tube
574.2537 gestureStart
574.2537 pos 0.5243623 0.7067303
574.3035 select the
574.8177 gestureStart
574.8177 pos 0.3517801 0.6136817
574.9172 pos 0.3443666 0.5956988
575.0167 pos 0.259813 0.5662766
575.1162 pos 0.1009133 0.5281381
575.2158 pos 0.06286683 0.5156588
575.3156 pos 0.3144608 0.5373175
575.4648 pos 0.721022 0.5991049
575.5643 pos 0.705705 0.5896959
575.6638 pos 0.6845559 0.5477682
575.7635 pos 0.698832 0.4538951
575.863 pos 0.7110716 0.3755003
575.9459 gestureEnd rain
576.6426 gestureStart
576.6426 pos 0.3824756 0.5008106
576.742 pos 0.5434816 0.511172
576.8416 pos 0.7513973 0.5315576
576.9411 pos 0.7777829 0.5661578
577.0406 pos 0.6535525 0.6045287
577.1568 pos 0.4761815 0.6284621
577.2563 pos 0.3880352 0.6322469
577.356 pos 0.3290475 0.6236019
577.4556 pos 0.2409763 0.5994245
577.5551 pos 0.1783069 0.5666769
577.6546 pos 0.2035542 0.5279334
577.7542 pos 0.2561512 0.5126008
577.8536 pos 0.3496971 0.5744163
577.9531 pos 0.4736754 0.6086091
578.0195 gestureEnd first
579.0812 gestureStart
579.0812 pos 0.532702 0.7139634
579.1148 select forest
579.8941 gestureStart
579.8941 pos -0.250007 0.3428056
580.6905 phrase superman never wore a mask
583.2285 gestureStart
583.2285 pos 0.2040156 0.4960456
583.3279 pos 0.2550154 0.5028405
583.4274 pos 0.3911206 0.501915
583.527 pos 0.5980238 0.5596096
583.6265 pos 0.8033147 0.6370482
583.7261 pos 0.8940265 0.6749586
583.8255 pos 0.8319804 0.6325069
583.9252 pos 0.6463053 0.5827949
584.0245 pos 0.4248071 0.5636606
584.124 pos 0.2847825 0.5779052
584.2235 pos 0.2785347 0.5875263
584.323 pos 0.396367 0.5715071
584.4226 pos 0.5919269 0.5281133
584.5221 pos 0.746186 0.4564233
584.6216 pos 0.7769052 0.4113
584.7212 pos 0.6316846 0.4156398
584.8373 pos 0.3118272 0.4404964
584.937 pos 0.1494065 0.4399766
585.0364 pos 0.1682755 0.4562571
585.1359 pos 0.3562391 0.4861769
585.2354 pos 0.5569932 0.4838472
585.3347 pos 0.6074992 0.4348252
585.4344 pos 0.5941318 0.4227294
585.534 gestureEnd superman
586.0814 gestureStart
586.0814 pos 0.7128103 0.3929968
586.1807 pos 0.6634347 0.4082852
586.2803 pos 0.4771821 0.4785728
586.3798 pos 0.2980336 0.5692229
586.4794 pos 0.2328288 0.5976757
586.6454 pos 0.2519812 0.5663095
586.7448 pos 0.3737522 0.3992804
586.8444 pos 0.4348204 0.3091968
586.9439 pos 0.4417467 0.3385079
587.0435 pos 0.3858313 0.4575393
587.1429 pos 0.3169277 0.5423883
587.2425 pos 0.3053856 0.5760876
587.3421 pos 0.3240256 0.5872205
587.4415 pos 0.3994198 0.5938823
587.5411 pos 0.4487619 0.5977886
587.5908 gestureEnd never
588.4697 gestureStart
588.4697 pos 0.1604388 0.601815
588.5695 pos 0.1798342 0.6196452
588.6688 pos 0.4952213 0.6125941
588.7683 pos 0.7995618 0.6171958
588.868 pos 0.8614693 0.6184419
588.9675 pos 0.6981262 0.6184487
589.067 pos 0.4846793 0.6106648
589.1664 pos 0.3040164 0.6090702
589.2661 pos 0.2024734 0.6109395
589.3657 gestureEnd wore
590.0624 gestureStart
590.0624 pos 0.06942411 0.468662
590.1619 gestureEnd a
590.8254 gestureStart
590.8254 pos 0.7634753 0.3959671
590.9249 pos 0.6945574 0.397462
591.0245 pos 0.4942698 0.4394136
591.1238 pos 0.1940212 0.4789501
591.2234 pos 0.06224375 0.4878669
591.3231 pos 0.1439848 0.4866589
591.4725 pos 0.4521575 0.509226
591.5719 pos 0.6969095 0.5311796
591.6715 pos 0.8687379 0.5211269
591.7378 gestureEnd mall
592.6666 gestureStart
592.6666 pos 0.7124395 0.7151744
592.7664 select mask
593.6124 gestureStart
593.6124 pos -0.239954 0.3641494
594.4751 phrase physics and chemistry are hard
599.2692 gestureStart
599.2692 pos 0.9069672 0.5974877
599.3687 pos 0.7689688 0.5856466
599.4683 pos 0.6322217 0.5118282
599.5677 pos 0.5674727 0.4929966
599.6674 pos 0.4857292 0.5917639
599.7668 pos 0.4268232 0.6490264
599.8664 pos 0.3527349 0.6136463
599.9659 pos 0.2214259 0.5439489
600.0654 pos 0.1460751 0.5189961
600.165 pos 0.1967982 0.5313445
600.2645 pos 0.5142514 0.5573363
600.3641 pos 0.7289575 0.5774558
600.4635 pos 0.5810668 0.5510151
600.563 pos 0.4554396 0.4745036
600.6626 pos 0.3991371 0.3392871
600.7621 pos 0.3197702 0.3375177
600.8617 pos 0.2321133 0.395556
600.9612 pos 0.193953 0.4627329
601.0606 pos 0.2089923 0.5094818
601.1104 gestureEnd physics
601.7079 gestureStart
601.7079 pos 0.1446193 0.5439551
601.8072 pos 0.297682 0.4917497
601.9066 pos 0.497923 0.4279391
602.0062 pos 0.6303622 0.4146146
602.1057 pos 0.6429601 0.4380982
602.2056 pos 0.5426002 0.4605734
602.305 pos 0.373128 0.4841161
602.4044 pos 0.2969338 0.5263833
602.5039 pos 0.296607 0.5366852
602.5371 gestureEnd and
603.3996 gestureStart
603.3996 pos 0.3785617 0.410291
603.4991 pos 0.4756215 0.3904561
603.5987 pos 0.5329891 0.4280432
603.6982 pos 0.5153213 0.5033176
603.798 pos 0.549051 0.5520387
603.8973 pos 0.5764744 0.5677708
603.9969 pos 0.4392224 0.6012847
604.0964 pos 0.2947139 0.6247899
604.1959 pos 0.2850377 0.6069891
604.2955 pos 0.4251689 0.5611781
604.3951 pos 0.6274355 0.4939169
604.4946 pos 0.7465289 0.4204584
604.5941 pos 0.7562877 0.4219551
604.6937 pos 0.7019454 0.5509878
604.7934 pos 0.6893432 0.6388149
604.8928 pos 0.7100254 0.607915
604.9922 pos 0.6006303 0.5681489
605.0919 pos 0.3990734 0.5363603
605.1914 pos 0.2358954 0.5115147
605.2911 pos 0.165376 0.4906882
605.3905 pos 0.2167172 0.5006668
605.4901 pos 0.3363404 0.5635584
605.5896 pos 0.4421051 0.618075
605.689 pos 0.46342 0.6141942
605.7886 pos 0.3966872 0.6055207
605.8881 pos 0.3552601 0.6072477
605.9875 pos 0.3920546 0.6152016
606.0871 pos 0.5156249 0.6121272
606.1866 pos 0.5884334 0.6013162
606.2365 gestureEnd chemistry
607.0492 gestureStart
607.0492 pos -0.03651619 0.4247559
607.1487 pos 0.04927339 0.4507297
607.2483 pos 0.1257545 0.4959977
607.3477 pos 0.2262137 0.5567255
607.4473 pos 0.3485013 0.5982392
607.5469 pos 0.3661934 0.6085073
607.6465 pos 0.3286773 0.6108441
607.746 pos 0.2897284 0.6085272
608.8902 gestureStart
608.8902 pos 0.0566916 0.4904131
608.9898 pos 0.1475742 0.5148298
609.0894 pos 0.3048992 0.5577435
609.189 pos 0.3790765 0.5837764
609.2885 pos 0.3326207 0.5823486
609.3879 pos 0.2791803 0.5818856
609.471 gestureEnd are
610.0018 gestureStart
610.0018 pos 0.5831305 0.5367631
610.1012 pos 0.5779735 0.5304539
610.2007 pos 0.5746073 0.5221941
610.3002 pos 0.5484236 0.5205974
610.3998 pos 0.4108054 0.5192402
610.4996 pos 0.2181378 0.480285
610.5989 pos 0.1170667 0.463883
610.6983 pos 0.1621513 0.4807819
610.798 pos 0.2597101 0.5286556
610.8974 pos 0.3638951 0.5712646
610.9969 pos 0.3653663 0.5626016
611.0965 pos 0.3381978 0.5435486
611.1962 pos 0.3394187 0.5308599
611.2957 pos 0.3424334 0.5299747
611.3122 gestureEnd hard
612.324 gestureStart
612.324 pos -0.2025845 0.3409806
613.5184 phrase you want to eat your cake
615.5089 gestureStart
615.5089 pos 0.5535744 0.597151
615.6085 pos 0.6137541 0.5991833
615.7079 pos 0.7350025 0.6077387
615.8075 pos 0.8336145 0.61538
615.9071 pos 0.7796227 0.6135224
616.0067 pos 0.6745722 0.6189822
616.1063 pos 0.6449342 0.6187465
616.1727 gestureEnd you
616.9026 gestureStart
616.9026 pos 0.1286523 0.6181531
617.0021 pos 0.1511231 0.6079491
617.1017 pos 0.16003 0.6075808
617.2011 pos 0.1389872 0.5698721
617.3007 pos 0.1186827 0.4886511
617.4003 pos 0.2567042 0.4143854
617.4998 pos 0.4814806 0.438476
617.5994 pos 0.6068044 0.4096937
617.6989 pos 0.5996099 0.4348667
617.7985 pos 0.545091 0.5532591
617.9479 pos 0.4961781 0.6008345
618.0474 pos 0.4112984 0.6068284
618.147 gestureEnd want
618.9766 gestureStart
618.9766 pos 0.4947547 0.6194244
619.076 pos 0.5494296 0.6175498
619.1757 pos 0.5616331 0.6123152
619.2752 pos 0.5545254 0.6093054
619.3746 pos 0.6456099 0.6225529
619.4741 pos 0.7708505 0.6278907
619.5738 pos 0.7912104 0.6279066
619.6567 gestureEnd to
620.37 gestureStart
620.37 pos 0.2826322 0.6022506
620.4695 pos 0.2216051 0.5742126
620.569 pos 0.1320383 0.5694399
620.6687 pos 0.10665 0.5627431
620.7682 pos 0.1294399 0.5253737
620.8677 pos 0.2024987 0.4999276
620.9672 pos 0.3125632 0.497628
621.0668 pos 0.4391374 0.5344266
621.1663 pos 0.5232479 0.5594462
621.2659 pos 0.5184079 0.572003
621.3654 pos 0.4812838 0.5786255
621.3821 gestureEnd easy
623.2896 gestureStart
623.2896 pos -0.4401287 0.4618125
623.3229 delete
623.3229 delete
623.3229 delete
623.3229 delete
624.4672 gestureStart
624.4672 pos 0.5453523 0.5873066
624.5667 pos 0.6050479 0.5871681
624.6663 pos 0.7748534 0.588948
624.7659 pos 0.8998071 0.5793375
624.8655 pos 0.7974632 0.576736
624.965 pos 0.6521609 0.5881551
625.0645 pos 0.6023979 0.5914886
625.0978 gestureEnd you
625.8605 gestureStart
625.8605 pos 0.03881631 0.5797308
625.9601 pos 0.03755135 0.5569686
626.0596 pos 0.1177086 0.5441086
626.1593 pos 0.1323036 0.5327005
626.2589 pos 0.1413518 0.5066137
626.3583 pos 0.2893994 0.4832649
626.4579 pos 0.4788262 0.4602463
626.5575 pos 0.5881628 0.4027494
626.6571 pos 0.6190614 0.4149704
626.7565 pos 0.646423 0.4848534
626.8561 pos 0.5573953 0.5438575
626.9556 pos 0.4220122 0.5823505
627.0551 gestureEnd quit
628.631 gestureStart
628.631 pos -0.4140258 0.4663769
628.7305 pos -0.4087838 0.4592223
628.7803 delete
628.7803 delete
630.2899 gestureStart
630.2899 pos 0.4990378 0.5908007
630.3893 pos 0.5627904 0.5886375
630.4889 pos 0.7266825 0.597333
630.5883 pos 0.9461294 0.6104863
630.6878 pos 0.883178 0.6018092
630.7874 pos 0.7101002 0.5990154
630.8869 pos 0.6054418 0.6126413
630.9865 gestureEnd you
631.9486 gestureStart
631.9486 pos 0.1601369 0.6151559
632.048 pos 0.1391042 0.6239986
632.1476 pos 0.1353995 0.6165936
632.2471 pos 0.1119041 0.5571539
632.3466 pos 0.08173542 0.4956107
632.4463 pos 0.1102576 0.4755738
632.5458 pos 0.3076938 0.4680991
632.6454 pos 0.532037 0.4313743
632.7449 pos 0.6061609 0.3987368
632.8444 pos 0.5955649 0.4194972
632.9438 pos 0.5940313 0.4809125
633.0434 pos 0.5349223 0.5829028
633.1428 pos 0.4859067 0.6297264
633.1928 gestureEnd want
634.3041 gestureStart
634.3041 pos 0.4812618 0.6050516
634.4036 pos 0.6080357 0.6008789
634.5031 pos 0.8398252 0.5744983
634.6027 pos 0.847241 0.5691236
634.7022 pos 0.823197 0.603161
634.752 gestureEnd to
635.8965 gestureStart
635.8965 pos 0.2766225 0.5876393
635.9958 pos 0.2571943 0.5804888
636.0953 pos 0.1030664 0.5509748
636.1948 pos 0.007822037 0.5226612
636.2944 pos 0.07853446 0.5173849
636.394 pos 0.1938881 0.5470605
636.4934 pos 0.3182275 0.5938872
636.593 pos 0.4094868 0.6047671
636.6926 pos 0.47505 0.5854771
636.7921 gestureEnd eat
637.5885 gestureStart
637.5885 pos 0.4945417 0.5894114
637.6877 pos 0.522845 0.5824299
637.7872 pos 0.56929 0.5826525
637.8867 pos 0.6472943 0.5860915
637.9862 pos 0.7494805 0.5884718
638.1357 pos 0.7790639 0.5849159
638.2351 pos 0.6660387 0.594355
638.3347 pos 0.5522513 0.6054022
638.4342 pos 0.5149642 0.6038015
638.5337 pos 0.4581672 0.6012407
638.6331 pos 0.3287399 0.5915529
638.7327 pos 0.2998761 0.5900811
638.7493 gestureEnd tire
640.3746 gestureStart
640.3746 pos -0.4381042 0.4706608
640.4409 delete
640.4409 delete
640.4409 delete
640.4409 delete
640.4409 delete
641.6019 gestureStart
641.6019 pos 0.5657125 0.5964744
641.7014 pos 0.5189837 0.5832542
641.801 pos 0.5481392 0.5947129
641.9005 pos 0.7070722 0.6063454
642 pos 0.8502808 0.6119609
642.0995 pos 0.7918845 0.6100381
642.199 pos 0.7059327 0.6050558
642.2985 pos 0.6512368 0.6043702
642.3318 gestureEnd you
643.3105 gestureStart
643.3105 pos 0.06052184 0.5749294
643.4101 pos 0.09894309 0.5381733
643.5096 pos 0.1618929 0.4890466
643.6091 pos 0.2058268 0.4425328
643.7086 pos 0.4036381 0.442616
643.8082 pos 0.5807738 0.4338307
643.9077 pos 0.6501207 0.4258653
644.0072 pos 0.6047373 0.48977
644.1068 pos 0.5409258 0.5559971
644.2062 pos 0.4809308 0.5868893
644.2726 gestureEnd want
645.5165 gestureStart
645.5165 pos 0.4692889 0.625766
645.6161 pos 0.4785693 0.6270469
645.7156 pos 0.4781655 0.6200293
645.815 pos 0.501259 0.6166499
645.9146 pos 0.590044 0.6202227
646.0141 pos 0.7458578 0.6183374
646.1136 pos 0.8115851 0.5853904
646.2132 gestureEnd to
647.0923 gestureStart
647.0923 pos 0.2135803 0.650484
647.1917 pos 0.2268762 0.6330994
647.2913 pos 0.2470786 0.6107056
647.3908 pos 0.2296514 0.5732778
647.4903 pos 0.1519114 0.5291563
647.59 pos 0.08146667 0.4762346
647.6893 pos 0.1002692 0.4816858
647.7888 pos 0.2494514 0.5332497
647.8883 pos 0.3813651 0.5743213
647.9879 pos 0.4238078 0.560196
648.0874 gestureEnd ear
649.348 gestureStart
649.348 pos 0.7078855 0.7100838
649.4474 select eat
649.8622 gestureStart
649.8622 pos 0.5177394 0.5861843
649.9614 pos 0.593844 0.5896745
650.061 pos 0.7631348 0.5880179
650.1605 pos 0.8545276 0.5911646
650.2601 pos 0.8211129 0.6057879
650.3596 pos 0.652609 0.6085956
650.4592 pos 0.4061764 0.6145223
650.5586 pos 0.3672071 0.6080737
650.6582 pos 0.4023599 0.6154658
650.6915 gestureEnd your
651.6867 gestureStart
651.6867 pos 0.3346899 0.357944
651.7864 pos 0.3043006 0.3778917
651.8858 pos 0.2638392 0.4336037
651.9852 pos 0.1522087 0.4563324
652.0847 pos 0.01825781 0.473387
652.1841 pos 0.113504 0.509644
652.2837 pos 0.4485451 0.5554241
652.3832 pos 0.7374957 0.5730962
652.4828 pos 0.7325296 0.556047
652.5824 pos 0.6226098 0.5210627
652.682 pos 0.503465 0.5129219
652.7814 pos 0.3955781 0.5273696
652.8809 pos 0.2944953 0.558784
652.9805 pos 0.2416333 0.5789174
653.0799 pos 0.2104755 0.5873994
653.1462 gestureEnd creative
654.2408 gestureStart
654.2408 pos 0.1248647 0.6601259
654.3073 select cake
655.0699 gestureStart
655.0699 pos -0.2611987 0.3400586
656.4633 delete
656.4633 delete
656.4633 delete
656.4633 delete
656.4633 delete
656.4633 delete
657.8068 gestureStart
657.8068 pos 0.5452619 0.6045085
657.9064 pos 0.6432046 0.6183035
658.0059 pos 0.885543 0.6318033
658.1055 pos 0.9766087 0.6247317
658.2049 pos 0.7957899 0.6022395
658.3044 pos 0.6795819 0.6048307
658.404 pos 0.6767404 0.6005918
658.4372 gestureEnd you
659.3826 gestureStart
659.3826 pos 0.183782 0.568615
659.4821 pos 0.1460695 0.6007061
659.5817 pos 0.1249472 0.6048968
659.6813 pos 0.1451595 0.5665228
659.7807 pos 0.1438793 0.5031301
659.8803 pos 0.1073612 0.4657369
659.9799 pos 0.2700099 0.4640211
660.0793 pos 0.5711128 0.4254009
660.1788 pos 0.6890068 0.3607287
660.2783 pos 0.6547002 0.4215124
660.3779 pos 0.5904734 0.5283224
660.4774 pos 0.5010322 0.5983608
660.5769 pos 0.3997096 0.5961675
660.6432 gestureEnd want
661.7046 gestureStart
661.7046 pos 0.4435999 0.6083511
661.8042 pos 0.4898175 0.6035554
661.9037 pos 0.6188931 0.5962925
662.0031 pos 0.7484596 0.5795212
662.1027 pos 0.7762825 0.5808336
662.1858 gestureEnd to
663.3467 gestureStart
663.3467 pos 0.2602946 0.6063281
663.4464 pos 0.2133662 0.5967102
663.5458 pos 0.1447639 0.5716914
663.6454 pos 0.06709914 0.5359463
663.7449 pos 0.06892538 0.5225793
663.894 pos 0.3401272 0.5448681
663.9937 pos 0.488244 0.593986
664.0931 pos 0.5180345 0.6161718
664.1429 gestureEnd eat
665.0718 gestureStart
665.0718 pos 0.6355084 0.5987612
665.1716 pos 0.7922997 0.6089514
665.2709 pos 0.9416034 0.6144329
665.3705 pos 0.9365211 0.61136
665.47 pos 0.7816719 0.5968249
665.5696 pos 0.5759263 0.592296
665.6691 pos 0.4033767 0.6040785
665.7686 pos 0.3058404 0.6026663
665.8681 gestureEnd your
666.6813 gestureStart
666.6813 pos 0.3821582 0.3938656
666.7806 pos 0.3223746 0.3862444
666.8801 pos 0.1886004 0.4280624
666.9797 pos 0.07199554 0.4843142
667.0792 pos 0.2140271 0.5054473
667.1788 pos 0.5033876 0.5197854
667.2783 pos 0.772994 0.5046269
667.3778 pos 0.7577928 0.4927949
667.4774 pos 0.5911976 0.5438211
667.5769 pos 0.4430582 0.5885111
667.6764 pos 0.3386878 0.6092202
667.776 pos 0.286555 0.6158335
667.8755 pos 0.26282 0.6015513
667.9086 gestureEnd cake
668.8374 gestureStart
668.8374 pos -0.2300656 0.3506888
669.6669 phrase teaching services will help
672.5524 gestureStart
672.5524 pos 0.438832 0.6033401
672.6519 pos 0.4303222 0.6030659
672.7514 pos 0.3087144 0.6054795
672.851 pos 0.213963 0.5781572
672.9504 pos 0.1816171 0.4785014
673.05 pos 0.06455316 0.4315261
673.1494 pos 0.04160194 0.4231404
673.2489 pos 0.1677658 0.3978887
673.3484 pos 0.2976491 0.3704839
673.448 pos 0.4052557 0.3981372
673.5476 pos 0.5026105 0.4887802
673.647 pos 0.653386 0.5342827
673.7464 pos 0.7860776 0.5676039
673.846 pos 0.7978832 0.5626137
673.9454 pos 0.7299585 0.5173199
674.045 pos 0.6776828 0.447103
674.1445 pos 0.6175436 0.4638509
674.2441 pos 0.5416733 0.5508824
674.3932 pos 0.4514825 0.5713249
674.4099 gestureEnd teaching
675.1897 gestureStart
675.1897 pos 0.2014012 0.486065
675.2891 pos 0.1918643 0.5283193
675.3885 pos 0.2430649 0.5662674
675.4883 pos 0.328926 0.5903445
675.5875 pos 0.3461356 0.5922527
675.6871 pos 0.3367682 0.5625929
675.7866 pos 0.349178 0.4975299
675.886 pos 0.4379657 0.4306891
675.9856 pos 0.528433 0.4336229
676.0851 pos 0.5574174 0.4884061
676.1846 pos 0.6315525 0.5790964
676.2841 pos 0.7361469 0.5759494
676.3837 pos 0.7186278 0.5469495
676.4833 pos 0.5822881 0.4823536
676.5826 pos 0.4232029 0.4256711
676.6821 pos 0.3257087 0.3943282
676.7817 pos 0.2931372 0.4623814
676.8812 pos 0.3007457 0.5512819
676.981 pos 0.3023009 0.5956419
677.0803 pos 0.2791746 0.586095
677.1798 pos 0.2447157 0.5453891
677.2795 pos 0.2105381 0.5007204
677.3788 pos 0.2044366 0.5070444
677.4785 pos 0.2331382 0.5080808
677.5115 gestureEnd services
678.1749 gestureStart
678.1749 pos 0.2005312 0.5836179
678.2742 pos 0.2654982 0.5927137
678.3737 pos 0.4469177 0.6119391
678.4732 pos 0.6685013 0.612803
678.5727 pos 0.8299975 0.6110876
678.6724 pos 0.8965406 0.5716031
678.7718 pos 0.8831211 0.5545739
678.8712 pos 0.8641999 0.5450227
678.9378 gestureEnd wool
680.2643 gestureStart
680.2643 pos 0.5267603 0.6922421
680.3308 select will
680.7122 gestureStart
680.7122 pos 0.5887117 0.4616975
680.811 pos 0.560321 0.4794275
680.9113 pos 0.4676545 0.5319688
681.0107 pos 0.3061734 0.568734
681.1103 pos 0.2135864 0.597268
681.2098 pos 0.383187 0.593979
681.3093 pos 0.6616183 0.5530188
681.4088 pos 0.8353885 0.465127
681.5083 pos 0.9036373 0.4748189
681.6078 pos 0.9734014 0.55644
681.7072 pos 1.009357 0.6187487
681.7905 gestureEnd help
682.7025 gestureStart
682.7025 pos -0.228539 0.3599645
682.8019 pos -0.2882755 0.3453227
