226.8463 session normal_0.6_1
226.8463 phrase my car always breaks in the winter
231.0795 gestureStart
231.0795 pos 0.7355518 0.3895681
231.1791 pos 0.7360795 0.3921427
231.2787 pos 0.7339173 0.39646
231.3783 pos 0.698779 0.4206753
231.4778 pos 0.6609272 0.458384
231.5775 pos 0.6371271 0.4770089
231.6771 pos 0.5991468 0.5122359
231.7767 pos 0.5737129 0.5515718
231.8763 pos 0.5608636 0.5918064
231.9759 pos 0.5614293 0.6017147
232.0756 pos 0.5593153 0.6062659
232.1752 pos 0.5591096 0.60352
232.1918 gestureEnd my
235.1801 gestureStart
235.1801 pos 0.3323874 0.4082618
235.2796 pos 0.2975909 0.4159707
235.3794 pos 0.2107039 0.4345826
235.4789 pos 0.09602575 0.4570496
235.5787 pos 0.04469442 0.467736
235.6783 pos 0.02178016 0.471995
235.7779 pos -0.02413549 0.4773024
235.8774 pos -0.03647218 0.4782068
235.9771 pos -0.008828783 0.475366
236.0766 pos 0.03398395 0.4740266
236.1762 pos 0.04712062 0.4782002
236.2759 pos 0.05587096 0.4802203
236.3754 pos 0.06491609 0.4760498
236.4749 pos 0.08670077 0.4782622
236.5746 pos 0.1132336 0.488189
236.6742 pos 0.1308935 0.511335
236.774 pos 0.1535825 0.5211255
236.8734 pos 0.1797252 0.5179303
236.973 pos 0.2214716 0.5276871
237.0725 pos 0.2628354 0.5452
237.1721 pos 0.3110901 0.5632022
237.2718 pos 0.3365401 0.5628222
237.3713 pos 0.3473631 0.5647334
237.4709 pos 0.3464883 0.5673425
237.5704 pos 0.3431378 0.5705189
237.6535 gestureEnd car
240.8073 gestureStart
240.8073 pos 0.1336044 0.503648
240.9069 pos 0.1408535 0.5028471
241.0065 pos 0.1445917 0.5013108
241.1061 pos 0.1574804 0.4983316
241.2057 pos 0.1749332 0.497166
241.3052 pos 0.194044 0.497081
241.4049 pos 0.2584049 0.4974236
241.5045 pos 0.3099495 0.4905173
241.6041 pos 0.3362611 0.4858913
241.7037 pos 0.3728677 0.4874517
241.8033 pos 0.4221981 0.4919301
241.9028 pos 0.478831 0.4925416
242.0024 pos 0.5153327 0.4857025
242.102 pos 0.5555753 0.4897462
242.2017 pos 0.6165134 0.4842412
242.3012 pos 0.6914086 0.48553
242.4009 pos 0.7317299 0.4895415
242.5005 pos 0.7641139 0.489615
242.6 pos 0.7998099 0.4937961
242.6996 pos 0.8501575 0.5028672
242.7993 pos 0.9058942 0.4995583
242.8988 pos 0.9081684 0.50318
242.9984 pos 0.8979115 0.5055208
243.0981 pos 0.8523912 0.5126854
243.1977 pos 0.8271475 0.5191101
243.2972 pos 0.8009877 0.5193905
243.3968 pos 0.770486 0.5146266
243.4965 pos 0.7166032 0.5181308
243.5961 pos 0.648738 0.5225074
243.6957 pos 0.5810687 0.5321314
243.7953 pos 0.5266553 0.5451883
243.8947 pos 0.4922494 0.5524935
243.9943 pos 0.4526358 0.5577313
244.0939 pos 0.415602 0.5637535
244.1935 pos 0.3651349 0.5720507
244.2931 pos 0.3129533 0.5823423
244.3927 pos 0.2637542 0.59092
244.4923 pos 0.2331351 0.5946622
244.5919 pos 0.2044673 0.5917268
244.6915 pos 0.1788391 0.5955831
244.7911 pos 0.1368341 0.6044109
244.8907 pos 0.1224616 0.6065863
244.9901 pos 0.1192567 0.6058789
245.0898 pos 0.1224067 0.5974767
245.1894 pos 0.129774 0.5632845
245.2892 pos 0.1167656 0.5463959
245.3886 pos 0.1071411 0.5391104
245.4883 pos 0.1000914 0.5310115
245.588 pos 0.1034556 0.4996115
245.6876 pos 0.1047223 0.453611
245.7872 pos 0.1008044 0.4468856
245.8868 pos 0.1044158 0.4464613
245.9863 pos 0.1061063 0.4540484
246.086 pos 0.1108953 0.4613222
246.1856 pos 0.1280659 0.4743247
246.2852 pos 0.1739349 0.4866613
246.3848 pos 0.2309096 0.4950816
246.4845 pos 0.2840229 0.5145527
246.6339 pos 0.3648221 0.5397127
246.7335 pos 0.4211592 0.5553886
246.8332 pos 0.4670678 0.5570265
246.9327 pos 0.4696484 0.5650596
247.0324 pos 0.4737311 0.5656306
247.1319 pos 0.4886329 0.5769845
247.2316 pos 0.5710881 0.5787122
247.3312 pos 0.6309903 0.5728061
247.4308 pos 0.6151235 0.574256
247.5303 pos 0.594888 0.5725268
247.63 pos 0.5687991 0.5747307
247.7295 pos 0.5477745 0.5744346
247.8292 pos 0.4986655 0.5762346
247.9288 pos 0.4244505 0.5750308
248.0282 pos 0.3492631 0.5722137
248.1279 pos 0.312793 0.5626354
248.2275 pos 0.2922471 0.5556391
248.3271 pos 0.2536209 0.5458399
248.4267 pos 0.2228401 0.5383353
248.5263 pos 0.2021964 0.5362976
248.6259 pos 0.1999992 0.5233697
248.7254 pos 0.2070001 0.5126241
248.8251 pos 0.2116014 0.5017692
248.9247 pos 0.2077627 0.5006999
249.0244 pos 0.2056535 0.5038511
249.124 pos 0.2032584 0.5154325
249.1406 gestureEnd weekdays
254.2369 gestureStart
254.2369 pos 0.5323739 0.4065007
254.3366 pos 0.5276943 0.4074609
254.4362 pos 0.5173505 0.4135143
254.5359 pos 0.5029244 0.4170237
254.6353 pos 0.4927029 0.4207878
254.7349 pos 0.4719896 0.4299021
254.8346 pos 0.4435918 0.4482167
254.9342 pos 0.4229331 0.4705883
255.0338 pos 0.4174508 0.4892359
255.1334 pos 0.4090116 0.5152923
255.2328 pos 0.3830377 0.5569305
255.3325 pos 0.3533189 0.5843809
255.432 pos 0.3511598 0.5887951
255.5317 pos 0.3374728 0.5906051
255.6312 pos 0.3058873 0.5861282
255.7309 pos 0.2365308 0.5858356
255.8305 pos 0.203747 0.5870128
255.93 pos 0.2082758 0.5804873
256.0297 pos 0.2124564 0.5782276
256.1292 pos 0.2082154 0.5739109
256.2289 pos 0.2041683 0.5720569
256.3284 pos 0.1994387 0.5706079
256.428 pos 0.1972992 0.5558645
256.5276 pos 0.1812847 0.5384629
256.6272 pos 0.1448712 0.5230593
256.7268 pos 0.118992 0.5128921
256.8264 pos 0.09748702 0.5096025
256.9261 pos 0.08877821 0.5034395
257.0257 pos 0.09728698 0.4982336
257.1253 pos 0.1098379 0.4936
257.2249 pos 0.1236118 0.4902512
257.3243 pos 0.1307749 0.4886553
257.4241 pos 0.1491406 0.4854486
257.5236 pos 0.1635864 0.4834693
257.6231 pos 0.1991466 0.4784482
257.7227 pos 0.2349619 0.4773386
257.8223 pos 0.2638142 0.4713017
257.9218 pos 0.2854516 0.4715347
258.0214 pos 0.3091264 0.469105
258.121 pos 0.3446669 0.4664234
258.2206 pos 0.3826181 0.46042
258.3202 pos 0.4212728 0.4538181
258.4198 pos 0.4697345 0.4504136
258.5193 pos 0.5210572 0.4443101
258.6189 pos 0.566511 0.4411852
258.7185 pos 0.5773145 0.4405615
258.8181 pos 0.5940363 0.4439335
258.9176 pos 0.6209455 0.4562981
259.0173 pos 0.6313763 0.4666783
259.1169 pos 0.6452494 0.4665613
259.2164 pos 0.6647762 0.4609606
259.3161 pos 0.7112461 0.4603308
259.4157 pos 0.7311225 0.4618001
259.5153 pos 0.7363178 0.4613876
259.6149 pos 0.73242 0.4651807
259.7144 pos 0.7492321 0.472143
259.814 pos 0.7773749 0.4803711
259.9136 pos 0.794095 0.4764388
260.0132 pos 0.791095 0.4751477
260.1128 pos 0.7855521 0.4779254
260.1793 gestureEnd break
263.4986 gestureStart
263.4986 pos 0.7571703 0.5710673
263.5982 pos 0.7461349 0.5695161
263.6978 pos 0.7346727 0.5640105
263.7975 pos 0.7239283 0.5546409
263.897 pos 0.7065086 0.5441983
263.9967 pos 0.6903058 0.5328246
264.0962 pos 0.6766198 0.5283838
264.1957 pos 0.6738819 0.5313302
264.2953 pos 0.6768032 0.5328503
264.3949 pos 0.6904042 0.5273618
264.4944 pos 0.6961064 0.5091407
264.594 pos 0.6923988 0.4902941
264.6936 pos 0.6779777 0.4641117
264.7933 pos 0.6699277 0.4564807
264.8929 pos 0.6617454 0.4426498
264.9925 pos 0.6568822 0.4313063
265.092 pos 0.653376 0.42166
265.1917 pos 0.6506463 0.4180926
265.2913 pos 0.6510317 0.4204129
265.3244 gestureEnd in
267.9969 gestureStart
267.9969 pos 0.4545192 0.5827575
268.0964 pos 0.500531 0.5636299
268.196 pos 0.5463555 0.5384113
268.2956 pos 0.5676934 0.5363623
268.3951 pos 0.5824666 0.5244203
268.4948 pos 0.5849574 0.5164064
268.5943 pos 0.5848092 0.5087499
268.6939 pos 0.5788044 0.5028551
268.7934 pos 0.5686399 0.5052989
268.893 pos 0.5413225 0.511184
268.9926 pos 0.5116053 0.5155475
269.0922 pos 0.4986455 0.5182657
269.1918 pos 0.48245 0.51789
269.2914 pos 0.4672449 0.5174424
269.391 pos 0.4276515 0.520559
269.4905 pos 0.3897583 0.5248582
269.5902 pos 0.3451407 0.5358996
269.6898 pos 0.3412064 0.5352491
269.7893 pos 0.3493059 0.5387455
269.8889 pos 0.3582929 0.539129
269.9885 pos 0.3636869 0.5373764
270.0881 pos 0.3674674 0.5360954
270.1877 pos 0.3660032 0.5357643
270.2872 pos 0.3524817 0.5374854
270.3868 pos 0.3307405 0.5428733
270.4863 pos 0.3039786 0.5437088
270.5859 pos 0.2941979 0.5427786
270.6855 pos 0.2851195 0.5451081
270.7849 pos 0.2749916 0.5578826
270.8844 pos 0.2623139 0.579582
270.984 pos 0.2571399 0.5856525
271.0836 pos 0.2590635 0.5854766
271.1832 pos 0.2605738 0.5839849
271.2497 gestureEnd the
274.3863 gestureStart
274.3863 pos 0.1477631 0.5920039
274.4859 pos 0.1592188 0.5944738
274.6021 pos 0.1764807 0.5998957
274.7016 pos 0.2114352 0.6007205
274.8013 pos 0.2481199 0.6005716
274.9008 pos 0.2919774 0.5956873
275.0004 pos 0.3478657 0.5965194
275.1001 pos 0.3722916 0.593021
275.1997 pos 0.376959 0.5883099
275.2992 pos 0.3754545 0.5853327
275.3987 pos 0.3893561 0.5823309
275.4984 pos 0.4481796 0.5718561
275.5981 pos 0.5152343 0.5549784
275.6974 pos 0.5365497 0.5538639
275.797 pos 0.5569386 0.552564
275.8966 pos 0.6137166 0.5597113
275.9962 pos 0.6604046 0.5712811
276.0959 pos 0.7008311 0.5700018
276.1953 pos 0.7077054 0.5685325
276.2949 pos 0.7144699 0.5717079
276.3945 pos 0.7265931 0.5906653
276.494 pos 0.7351313 0.5974429
276.5939 pos 0.7528156 0.5998869
276.6933 pos 0.7509708 0.5972316
276.7927 pos 0.746067 0.5951215
276.8925 pos 0.7413931 0.5748041
276.992 pos 0.7351707 0.5619586
277.0918 pos 0.7290178 0.5498598
277.1912 pos 0.7151368 0.5302951
277.2907 pos 0.6979964 0.5178654
277.3903 pos 0.672937 0.4945885
277.49 pos 0.6596964 0.4837373
277.5897 pos 0.6473458 0.4598387
277.6891 pos 0.6396917 0.4338443
277.7887 pos 0.6362581 0.4205477
277.8882 pos 0.6330631 0.406676
277.9879 pos 0.6263854 0.4088043
278.0876 pos 0.6268311 0.4090757
278.187 pos 0.6247411 0.4114895
278.2867 pos 0.6167551 0.4182231
278.3863 pos 0.5952064 0.4345157
278.4858 pos 0.5627052 0.459018
278.5857 pos 0.5479175 0.4784218
278.685 pos 0.5284609 0.4999451
278.7845 pos 0.5083023 0.5209026
278.8841 pos 0.4914947 0.5450303
278.9838 pos 0.4755555 0.5684125
279.0836 pos 0.4637766 0.5894935
279.1828 pos 0.4526807 0.6182846
279.2824 pos 0.4389032 0.629189
279.382 pos 0.4208815 0.6314462
279.4816 pos 0.39647 0.6339849
279.5813 pos 0.3731594 0.6313825
279.6807 pos 0.3557954 0.6302529
279.7803 pos 0.3416004 0.6274025
279.8799 pos 0.3284165 0.6235721
279.9794 pos 0.3071203 0.6236614
280.0792 pos 0.2830269 0.6199304
280.1785 pos 0.2392333 0.623267
280.2781 pos 0.2244207 0.6209177
280.3777 pos 0.2238373 0.6214357
280.4608 gestureEnd wine
287.1489 gestureStart
287.1489 pos 0.8018721 0.3462116
287.3147 pos 0.7800512 0.3604532
287.3811 gestureEnd mm
290.7335 gestureStart
290.7335 pos 0.8730187 0.3179129
290.8332 pos 0.8714751 0.3184447
290.9326 pos 0.8684691 0.3201064
290.9493 delete
293.0073 gestureStart
293.0073 pos 0.8662532 0.3248159
293.1069 pos 0.8627505 0.3268768
293.1402 delete
295.3638 gestureStart
295.3638 pos 0.1668376 0.5880672
295.4633 pos 0.1674956 0.5896136
295.563 pos 0.1711486 0.5887012
295.6625 pos 0.2170435 0.5910184
295.762 pos 0.2688124 0.5858317
295.8616 pos 0.3082327 0.5787834
295.9612 pos 0.3410125 0.5755479
296.0609 pos 0.3783703 0.5747213
296.1603 pos 0.4277657 0.5704613
296.26 pos 0.4776839 0.5680266
296.3596 pos 0.5008833 0.5676062
296.4591 pos 0.5129154 0.5681759
296.5587 pos 0.5374589 0.5670527
296.6582 pos 0.6038307 0.5670709
296.7578 pos 0.6958954 0.5641649
296.8574 pos 0.7316259 0.5578093
296.9569 pos 0.730251 0.5578086
297.0566 pos 0.7184329 0.5590363
297.1562 pos 0.7173132 0.5613039
297.2558 pos 0.7196293 0.5597171
297.3553 pos 0.7150272 0.546939
297.4549 pos 0.6887003 0.5292554
297.5545 pos 0.653501 0.5002185
297.654 pos 0.6321773 0.4819523
297.7536 pos 0.6235494 0.4590825
297.8532 pos 0.6167946 0.4443021
297.9527 pos 0.6115264 0.4373973
298.0523 pos 0.6059728 0.437106
298.1519 pos 0.5991433 0.4419097
298.2515 pos 0.5863455 0.4524223
298.3511 pos 0.5693805 0.474887
298.4506 pos 0.5436516 0.5194954
298.5503 pos 0.5105743 0.5623711
298.6498 pos 0.4815663 0.5709289
298.7494 pos 0.4677155 0.5766937
298.849 pos 0.4486278 0.6001488
298.9485 pos 0.4406804 0.6032805
299.048 pos 0.4237905 0.6170272
299.1476 pos 0.376543 0.6053365
299.2472 pos 0.3250551 0.6091368
299.3468 pos 0.2998629 0.623186
299.4464 pos 0.2897982 0.6258201
299.546 pos 0.2833582 0.6348482
299.6455 pos 0.2900196 0.6344208
299.745 pos 0.2903597 0.6329349
299.7784 gestureEnd wine
303.8773 gestureStart
303.8773 pos 0.1482455 0.6859477
303.9771 select winter
308.0263 gestureStart
308.0263 pos -0.178804 0.4549303
308.1258 pos -0.1620139 0.4660715
313.1867 gestureStart
313.1867 pos -0.213631 0.4657375
322.7771 gestureStart
322.7771 pos -0.2540588 0.4450139
322.8766 pos -0.2542249 0.4442208
339.1711 gestureStart
339.1711 pos -0.2495742 0.4400927
339.2706 pos -0.247972 0.4410309
339.3702 pos -0.2459159 0.4451884
352.3627 gestureStart
352.3627 pos -0.3323427 0.3436539
352.4624 pos -0.332449 0.3445972
365.6211 phrase every apple from every tree
368.8894 gestureStart
368.8894 pos 0.2561055 0.5746738
368.989 pos 0.2570079 0.5745044
369.0886 pos 0.2544324 0.5731247
369.1881 pos 0.2627074 0.5694655
369.2877 pos 0.2959197 0.5531911
369.3872 pos 0.3275735 0.5442886
369.4868 pos 0.3639006 0.5183264
369.5864 pos 0.3765357 0.5113022
369.686 pos 0.4123014 0.481713
369.7855 pos 0.4537939 0.454026
369.8851 pos 0.4942806 0.4266306
369.9847 pos 0.4908453 0.4247394
370.0842 pos 0.479127 0.4136397
370.1838 pos 0.4595323 0.4116718
370.2833 pos 0.432669 0.4198762
370.3828 pos 0.4078624 0.4345997
370.4824 pos 0.3836237 0.448235
370.6317 pos 0.354978 0.47063
370.7314 pos 0.3387024 0.4951364
370.8308 pos 0.3255089 0.5231445
370.9304 pos 0.3182639 0.5465931
371.0299 pos 0.3087832 0.5615827
371.1294 pos 0.3021809 0.5720851
371.229 pos 0.295606 0.5845977
371.3286 pos 0.2865807 0.6002156
371.4282 pos 0.2635178 0.6221344
371.5278 pos 0.2481253 0.6233312
371.6274 pos 0.2516791 0.6199421
371.7268 pos 0.259293 0.6156492
371.8266 pos 0.2731759 0.6106002
371.9261 pos 0.2773151 0.6081883
372.0256 pos 0.2744266 0.6038271
372.1252 pos 0.2788011 0.5996806
372.2249 pos 0.2987579 0.5969898
372.3243 pos 0.3172512 0.596791
372.4239 pos 0.3402403 0.5972749
372.5235 pos 0.3959441 0.5983087
372.623 pos 0.4703649 0.5898656
372.7226 pos 0.5078297 0.5906323
372.8221 pos 0.5193157 0.5918207
372.9217 pos 0.5223538 0.5904282
373.0213 pos 0.5251452 0.594374
373.1209 pos 0.525753 0.5965623
373.1375 gestureEnd every
375.7428 gestureStart
375.7428 pos 0.1164722 0.5130213
375.8424 pos 0.1353641 0.5218184
375.942 pos 0.2105789 0.5311666
376.0415 pos 0.2984218 0.5198439
376.141 pos 0.3433845 0.5158781
376.2407 pos 0.3813613 0.5247333
376.3402 pos 0.4188392 0.5337396
376.4398 pos 0.482018 0.5327617
376.5393 pos 0.5777215 0.5364569
376.639 pos 0.6720964 0.5444673
376.7384 pos 0.7344832 0.5452346
376.838 pos 0.7697406 0.548007
376.9376 pos 0.8196901 0.5558573
377.0372 pos 0.8724096 0.5678203
377.1866 pos 0.9265053 0.5839026
377.2861 pos 0.9411724 0.5868821
377.3857 pos 0.9756315 0.5947531
377.4851 pos 0.9891146 0.590408
377.5847 pos 0.9806801 0.5919651
377.6844 pos 0.9640235 0.5927817
377.7839 pos 0.9511145 0.5932639
377.8834 pos 0.9470645 0.5842188
377.983 pos 0.9332286 0.5632173
378.0826 pos 0.9061731 0.5254624
378.1822 pos 0.876054 0.4840371
378.2817 pos 0.8632787 0.4755341
378.3814 pos 0.8599174 0.4756526
378.481 pos 0.8553541 0.4827886
378.5805 pos 0.834061 0.49372
378.6801 pos 0.8151807 0.4993886
378.7797 pos 0.7799516 0.509708
378.8792 pos 0.717196 0.5210326
378.9787 pos 0.6372491 0.533468
379.0782 pos 0.5493999 0.5465294
379.1778 pos 0.4731399 0.5599262
379.2773 pos 0.4132809 0.5653222
379.3769 pos 0.3613006 0.5776145
379.4764 pos 0.2984071 0.5854484
379.576 pos 0.2497992 0.5977119
379.6755 pos 0.2248152 0.6051471
379.7749 pos 0.2190468 0.6140505
379.8582 gestureEnd apple
381.8659 gestureStart
381.8659 pos 0.3953455 0.5007319
381.9655 pos 0.3918595 0.5124696
382.065 pos 0.3806914 0.5430092
382.1646 pos 0.3613575 0.5675886
382.2641 pos 0.3559536 0.5840619
382.3637 pos 0.3572759 0.5958027
382.4634 pos 0.3872806 0.6172725
382.563 pos 0.449268 0.6155238
382.6625 pos 0.50642 0.6125021
382.7621 pos 0.5826759 0.6041439
382.8618 pos 0.6722614 0.6004561
382.9612 pos 0.7346572 0.5939544
383.0606 pos 0.7769027 0.5933436
383.1602 pos 0.8010878 0.5931108
383.2598 pos 0.8281156 0.5880517
383.3594 pos 0.8573592 0.5935645
383.4591 pos 0.8609605 0.5894567
383.5585 pos 0.8498716 0.5858088
383.708 pos 0.812442 0.5698474
383.8073 pos 0.784802 0.543094
383.9069 pos 0.7815725 0.5258697
384.0067 pos 0.7776519 0.5065013
384.106 pos 0.7683594 0.4960007
384.2057 pos 0.7610401 0.4804538
384.3051 pos 0.7588388 0.4588253
384.4047 pos 0.7636133 0.4323975
384.5045 pos 0.7672247 0.4015027
384.6039 pos 0.7660407 0.395884
384.7034 pos 0.749552 0.4110427
384.7366 gestureEnd from
388.8017 gestureStart
388.8017 pos 0.2525997 0.5942218
388.9012 pos 0.2536786 0.5920084
389.0008 pos 0.254568 0.5921515
389.1003 pos 0.2706282 0.5853639
389.1998 pos 0.306989 0.5647027
389.2994 pos 0.3375736 0.5469677
389.3991 pos 0.3607157 0.5144358
389.4985 pos 0.3938785 0.488256
389.5982 pos 0.4315461 0.4569065
389.6978 pos 0.4712996 0.416843
389.7973 pos 0.4831632 0.4033431
389.8969 pos 0.4718537 0.4049425
389.9965 pos 0.4476101 0.4175069
390.096 pos 0.4017791 0.4542238
390.1955 pos 0.3651077 0.4825107
390.3448 pos 0.3209031 0.5135784
390.4445 pos 0.2943592 0.5405945
390.5771 pos 0.2807488 0.5668362
390.6767 pos 0.2762297 0.5834113
390.7762 pos 0.2720585 0.5966517
390.8758 pos 0.2711218 0.6064318
390.9754 pos 0.2730431 0.6072765
391.075 pos 0.2757567 0.6059942
391.1746 pos 0.2841387 0.6003901
391.274 pos 0.310628 0.5968432
391.3735 pos 0.3333307 0.5967216
391.4731 pos 0.3427405 0.5963805
391.5727 pos 0.3461174 0.5927162
391.6722 pos 0.3672729 0.5897873
391.7718 pos 0.4146706 0.590818
391.8714 pos 0.485751 0.5868676
391.9709 pos 0.521506 0.5884386
392.0705 pos 0.5295835 0.5889523
392.17 pos 0.5464847 0.5905392
392.2696 pos 0.5640963 0.590297
392.3691 pos 0.5666554 0.590431
392.4191 gestureEnd every
394.1113 gestureStart
394.1113 pos 0.4402722 0.5954151
394.2109 pos 0.4425928 0.5954055
394.3104 pos 0.4427163 0.5949214
394.41 pos 0.4194931 0.5996925
394.5095 pos 0.372165 0.610062
394.6092 pos 0.3220614 0.621356
394.7087 pos 0.2880429 0.6232728
394.808 pos 0.265691 0.6257123
394.9078 pos 0.2554231 0.6261409
395.0073 pos 0.2523964 0.6209244
395.1068 pos 0.2529366 0.6182433
395.2064 pos 0.2531002 0.6159673
395.3058 pos 0.2535246 0.6147321
395.4053 pos 0.2572429 0.6166512
395.4552 gestureEnd tree
397.5622 gestureStart
397.5622 pos -0.3325536 0.3578849
397.6617 pos -0.3365347 0.3537265
397.7613 pos -0.3361064 0.3568886
399.3379 phrase destruction of the rain forest
402.358 gestureStart
402.358 pos 0.2903385 0.4865254
402.4575 pos 0.2857166 0.4949949
402.5571 pos 0.285392 0.5006664
402.6566 pos 0.2820102 0.5155051
402.7563 pos 0.2674093 0.5516434
402.8559 pos 0.2535543 0.5834222
402.9555 pos 0.2500482 0.5884545
403.055 pos 0.2529084 0.5879822
403.1546 pos 0.2502716 0.584442
403.2542 pos 0.2380599 0.5675619
403.3537 pos 0.2078737 0.5387946
403.4534 pos 0.1869633 0.5092728
403.5527 pos 0.1767012 0.4989913
403.6524 pos 0.1807316 0.4903518
403.7518 pos 0.1888256 0.4939161
403.8513 pos 0.2052096 0.4951416
403.9509 pos 0.2255461 0.5033928
404.0505 pos 0.2696115 0.5129576
404.1501 pos 0.3204026 0.5173175
404.2496 pos 0.3525466 0.5332937
404.3491 pos 0.3721293 0.5523654
404.4486 pos 0.3916985 0.5768926
404.5482 pos 0.4313051 0.5995169
404.6479 pos 0.4594725 0.6004519
404.7472 pos 0.4628747 0.5994545
404.8467 pos 0.4567307 0.5998345
404.9464 pos 0.4301462 0.6024925
405.0458 pos 0.3925887 0.6040688
405.1456 pos 0.3483635 0.6022203
405.245 pos 0.3207462 0.5965374
405.3445 pos 0.3209352 0.596514
405.4441 pos 0.3354483 0.5942325
405.5436 pos 0.3524153 0.5942911
405.6434 pos 0.4020447 0.5836123
405.7427 pos 0.4576232 0.5738904
405.8422 pos 0.4968509 0.570053
405.9417 pos 0.5292769 0.5687507
406.0414 pos 0.5818787 0.5694072
406.1411 pos 0.629759 0.5730435
406.2404 pos 0.6571087 0.5764514
406.34 pos 0.6589807 0.576302
406.4395 pos 0.6530432 0.5753515
406.5391 pos 0.6311918 0.5775612
406.6389 pos 0.6114019 0.5722663
406.7382 pos 0.5810095 0.5726799
406.8377 pos 0.5478392 0.5702974
406.9373 pos 0.5079198 0.5680596
407.0367 pos 0.474476 0.5569571
407.1365 pos 0.4347201 0.5339912
407.2358 pos 0.4086724 0.5248457
407.3354 pos 0.3967376 0.5142111
407.4348 pos 0.393715 0.5062622
407.5343 pos 0.3910865 0.4874906
407.6341 pos 0.3869134 0.473777
407.7334 pos 0.3688326 0.4362162
407.833 pos 0.3539225 0.4097577
407.9324 pos 0.3474058 0.4027463
408.0321 pos 0.3484467 0.4040273
408.1319 pos 0.354364 0.4140926
408.2311 pos 0.3695297 0.4294491
408.3308 pos 0.3788428 0.4479125
408.447 pos 0.3907257 0.4836656
408.5466 pos 0.4001136 0.5144013
408.6463 pos 0.4143628 0.5393959
408.7456 pos 0.4277592 0.5578946
408.8451 pos 0.4407645 0.5686085
408.9447 pos 0.4539815 0.5914889
409.0441 pos 0.4652688 0.6361862
409.144 pos 0.4710306 0.6396601
409.2433 pos 0.4760957 0.6433267
409.3927 pos 0.4879849 0.6349964
409.4921 pos 0.5158721 0.6224682
409.5919 pos 0.5629507 0.6106914
409.6916 pos 0.6054083 0.6078361
409.7908 pos 0.6516582 0.6035923
409.8904 pos 0.6884612 0.6038453
410.0065 pos 0.7303507 0.595825
410.1061 pos 0.7542437 0.5930778
410.2058 pos 0.7758092 0.5953615
410.3052 pos 0.7970737 0.595402
410.4046 pos 0.8291101 0.5973525
410.5043 pos 0.8518434 0.5947336
410.6038 pos 0.8549698 0.5947384
410.7035 pos 0.8449001 0.592096
410.8029 pos 0.8207822 0.5903844
410.9025 pos 0.7879274 0.5797074
411.002 pos 0.7542996 0.5608147
411.1015 pos 0.7264591 0.5243438
411.2013 pos 0.7004024 0.4934207
411.3005 pos 0.6836365 0.4733768
411.4001 pos 0.6722718 0.4685625
411.4998 pos 0.6673933 0.4611903
411.5992 pos 0.6660024 0.4420016
411.6992 pos 0.6629968 0.4185743
411.7984 pos 0.6574328 0.3918183
411.898 pos 0.6523547 0.3861931
411.9975 pos 0.647491 0.3889815
412.0473 gestureEnd destruction
414.4698 gestureStart
414.4698 pos 0.8283353 0.5875931
414.5694 pos 0.8234702 0.5877593
414.6689 pos 0.8130674 0.5872012
414.7684 pos 0.7820913 0.5823792
414.868 pos 0.7302569 0.5775756
414.9677 pos 0.6738189 0.56769
415.0671 pos 0.6096434 0.5631705
415.1666 pos 0.5656022 0.5540584
415.2662 pos 0.5408663 0.5502216
415.3658 pos 0.5191231 0.5471662
415.4654 pos 0.4862745 0.5469535
415.5648 pos 0.439997 0.5408958
415.6642 pos 0.3970455 0.5384535
415.7639 pos 0.3847671 0.5321071
415.8635 pos 0.383598 0.5294678
416.0127 pos 0.3848189 0.5307049
416.0626 gestureEnd of
416.8755 gestureStart
416.8755 pos 0.4486975 0.6022527
416.975 pos 0.4523857 0.5949037
417.0746 pos 0.4579577 0.5853704
417.1741 pos 0.4554887 0.5674183
417.2737 pos 0.4531789 0.5485099
417.3733 pos 0.4573013 0.5370091
417.4728 pos 0.4918024 0.5319781
417.5724 pos 0.5761392 0.5243593
417.6719 pos 0.6432783 0.5150955
417.7714 pos 0.6380448 0.5151772
417.871 pos 0.6212798 0.519507
417.9706 pos 0.5980209 0.5253223
418.0701 pos 0.5584128 0.5364603
418.1696 pos 0.5080677 0.540785
418.2693 pos 0.4772877 0.5422776
418.3687 pos 0.4302981 0.5497145
418.4682 pos 0.3926083 0.55427
418.5678 pos 0.3380213 0.5643805
418.6674 pos 0.2865921 0.5767862
418.7667 pos 0.2629873 0.580167
418.8664 pos 0.2633648 0.5829545
418.9659 pos 0.2724545 0.5885914
418.9992 gestureEnd the
420.6419 gestureStart
420.6419 pos 0.3579549 0.5972652
420.7414 pos 0.3451198 0.5948638
420.8411 pos 0.288388 0.5940318
420.9406 pos 0.2235493 0.5764555
421.0403 pos 0.159205 0.5495405
421.1398 pos 0.1308112 0.5406546
421.2392 pos 0.1268935 0.5309002
421.3388 pos 0.121277 0.5277969
421.4384 pos 0.1148326 0.5193822
421.538 pos 0.1225673 0.5106885
421.6873 pos 0.1334493 0.5064464
421.787 pos 0.1755199 0.5159592
421.8865 pos 0.2661772 0.5216678
421.9859 pos 0.3441538 0.5234435
422.0856 pos 0.408553 0.5230881
422.1851 pos 0.4688474 0.5261952
422.2846 pos 0.5231722 0.5304415
422.3842 pos 0.5865013 0.5433146
422.4838 pos 0.6522132 0.5477978
422.5833 pos 0.6886349 0.5614559
422.6828 pos 0.7154002 0.56604
422.7822 pos 0.726046 0.574257
422.8819 pos 0.7442155 0.5794056
422.9814 pos 0.751382 0.5810419
423.081 pos 0.7543477 0.5843098
423.1805 pos 0.7515405 0.5855833
423.2801 pos 0.7372995 0.5734462
423.3796 pos 0.7083464 0.5439122
423.4792 pos 0.6827244 0.4980371
423.5787 pos 0.6638209 0.457419
423.678 pos 0.6604232 0.4565954
423.7776 pos 0.6514979 0.4402401
423.8773 pos 0.6469532 0.4181264
423.9768 pos 0.6415368 0.3942777
424.0763 pos 0.6362273 0.3969333
424.0929 gestureEnd rain
426.8304 gestureStart
426.8304 pos 0.4177347 0.5013645
426.9298 pos 0.4341086 0.5145013
427.0293 pos 0.4590852 0.5237684
427.1288 pos 0.4900413 0.5321212
427.2283 pos 0.5059468 0.5331785
427.3279 pos 0.5543545 0.5390042
427.4275 pos 0.6050659 0.5461599
427.5269 pos 0.6683503 0.5516419
427.6266 pos 0.7078934 0.5579316
427.726 pos 0.7348336 0.5614178
427.8255 pos 0.784711 0.569172
427.9251 pos 0.8392481 0.5793704
428.0246 pos 0.8554633 0.5811667
428.1244 pos 0.8491481 0.5837744
428.2734 pos 0.7667482 0.5983811
428.373 pos 0.697118 0.6034945
428.4725 pos 0.6469504 0.6083507
428.5721 pos 0.6069821 0.6063311
428.6718 pos 0.5611444 0.6085882
428.771 pos 0.5019913 0.6108993
428.8707 pos 0.4318469 0.6149396
428.9704 pos 0.3756326 0.6197158
429.0698 pos 0.3358162 0.6200144
429.1695 pos 0.3081054 0.6212536
429.2689 pos 0.2737587 0.6240655
429.3684 pos 0.2517516 0.6213001
429.4679 pos 0.2315101 0.6173893
429.5675 pos 0.2338623 0.6078735
429.6672 pos 0.2479217 0.587024
429.7664 pos 0.259854 0.5585327
429.866 pos 0.2445504 0.530045
429.9657 pos 0.2212794 0.5129846
430.0651 pos 0.2020497 0.5013122
430.1648 pos 0.1956433 0.4959056
430.2642 pos 0.2026403 0.4957207
430.3636 pos 0.2279879 0.5097303
430.4633 pos 0.276221 0.5260953
430.5628 pos 0.3234275 0.5361803
430.6626 pos 0.3644271 0.5500859
430.762 pos 0.3814324 0.5639396
430.8614 pos 0.4050294 0.5796614
430.9609 pos 0.4475143 0.5945716
431.0605 pos 0.4804119 0.6031083
431.1603 pos 0.4896043 0.6120899
431.2267 gestureEnd forest
436.32 gestureStart
436.32 pos -0.3098573 0.3708854
436.4196 pos -0.3096219 0.3876278
437.896 phrase machinery is too complicated
441.5125 gestureStart
441.5125 pos 0.7331756 0.4114054
441.6121 pos 0.7163704 0.4127676
441.7115 pos 0.6879215 0.4193001
441.8111 pos 0.6295533 0.4350738
441.9107 pos 0.5667996 0.4509544
442.0103 pos 0.4919686 0.4717589
442.1098 pos 0.3781621 0.4944823
442.2094 pos 0.2576908 0.5096766
442.309 pos 0.1844339 0.5142636
442.4086 pos 0.1477219 0.5122764
442.5081 pos 0.1470538 0.5101454
442.6076 pos 0.1534368 0.5066785
442.707 pos 0.1617234 0.5053781
442.8067 pos 0.1627382 0.5010635
442.9064 pos 0.2096868 0.4831845
443.0057 pos 0.2791689 0.4538462
443.1053 pos 0.3194846 0.440825
443.2048 pos 0.3266277 0.4309628
443.3044 pos 0.3543251 0.4219653
443.4041 pos 0.4095902 0.4156891
443.5033 pos 0.4752696 0.4233277
443.6029 pos 0.5208724 0.4372914
443.7025 pos 0.5676036 0.4548328
443.8022 pos 0.6114277 0.4633867
443.9017 pos 0.6266366 0.4811089
444.0012 pos 0.6505377 0.5062637
444.1007 pos 0.6789005 0.5419626
444.2002 pos 0.7057201 0.5601192
444.2997 pos 0.7261078 0.5843515
444.3996 pos 0.7376426 0.5953746
444.4989 pos 0.7414087 0.6014651
444.5983 pos 0.7381768 0.592814
444.6978 pos 0.7082967 0.5567864
444.7974 pos 0.6737528 0.5007542
444.9136 pos 0.6617429 0.491294
445.0131 pos 0.6604593 0.4738606
445.1125 pos 0.6635364 0.4400545
445.212 pos 0.6501347 0.3781716
445.3116 pos 0.6360987 0.3736351
445.4113 pos 0.6133361 0.3778284
445.5107 pos 0.5922115 0.3983921
445.6101 pos 0.561315 0.4329705
445.7098 pos 0.5147842 0.4645655
445.8093 pos 0.4582225 0.4883335
445.9091 pos 0.3815792 0.5162624
446.0085 pos 0.3028157 0.5425001
446.108 pos 0.2462685 0.5599821
446.2075 pos 0.2344951 0.5644892
446.3069 pos 0.2391874 0.568926
446.4069 pos 0.2567711 0.5756431
446.5061 pos 0.2989405 0.584697
446.6058 pos 0.3580014 0.5908805
446.7054 pos 0.3990729 0.6006229
446.8048 pos 0.4380435 0.6014619
446.9046 pos 0.4869097 0.5968122
447.0039 pos 0.5192141 0.5891901
447.1033 pos 0.5366047 0.5821709
447.2032 pos 0.5377141 0.5812085
447.2695 gestureEnd machinery
449.227 gestureStart
449.227 pos 0.7381735 0.5891743
449.3267 pos 0.7060282 0.5920464
449.4261 pos 0.654723 0.5919468
449.5257 pos 0.5926341 0.5881616
449.6252 pos 0.5186606 0.5755308
449.7248 pos 0.4583384 0.5600483
449.8241 pos 0.3938147 0.5389689
449.9237 pos 0.3580519 0.5354676
450.0233 pos 0.3457624 0.5403712
450.123 pos 0.3211671 0.5387172
450.2224 pos 0.2783577 0.5340919
450.3219 pos 0.2382481 0.5293119
450.4215 pos 0.2194777 0.5289044
450.5211 pos 0.2169435 0.5290377
450.604 gestureEnd is
451.4833 gestureStart
451.4833 pos 0.4532984 0.5837436
451.5828 pos 0.4789665 0.5836355
451.6824 pos 0.5493803 0.5804152
451.7819 pos 0.6020911 0.5804658
451.8815 pos 0.643406 0.5822539
451.9809 pos 0.679409 0.5877416
452.0806 pos 0.7110667 0.5873696
452.1802 pos 0.7621137 0.5838852
452.2797 pos 0.8136912 0.5851034
452.3792 pos 0.8315288 0.5827352
452.4788 pos 0.8339317 0.5843197
452.5784 pos 0.8228818 0.5938704
452.6779 pos 0.7922879 0.6119266
452.6944 gestureEnd to
454.3536 gestureStart
454.3536 pos 0.3821029 0.4082038
454.4532 pos 0.382975 0.4147112
454.5526 pos 0.3967738 0.4330249
454.6521 pos 0.4225592 0.4541453
454.7516 pos 0.4441455 0.461751
454.8512 pos 0.4841246 0.4820214
454.9508 pos 0.538325 0.5024258
455.0503 pos 0.5766287 0.5237676
455.1499 pos 0.6138549 0.5357353
455.2494 pos 0.6539614 0.5317311
455.349 pos 0.7167236 0.5408239
455.4485 pos 0.7829329 0.5525223
455.5481 pos 0.8206799 0.5675205
455.6475 pos 0.8320979 0.5740771
455.7472 pos 0.8349108 0.5785682
455.847 pos 0.8406795 0.5815622
455.9462 pos 0.8429312 0.5841286
456.0458 pos 0.8515695 0.58662
456.1453 pos 0.8569903 0.6016044
456.2449 pos 0.863565 0.6257091
456.3446 pos 0.8624322 0.6317525
456.444 pos 0.8555698 0.6238236
456.5436 pos 0.835242 0.5820952
456.6431 pos 0.8165574 0.5511307
456.7426 pos 0.8041692 0.5172296
456.8425 pos 0.7883556 0.4782861
456.9583 pos 0.7800487 0.4373292
457.0578 pos 0.7724636 0.4106085
457.1574 pos 0.7738661 0.4027168
457.2569 pos 0.771483 0.408278
457.3567 pos 0.7754648 0.4181678
457.4561 pos 0.795367 0.4491719
457.5557 pos 0.8303294 0.4873189
457.6551 pos 0.8542134 0.5039587
457.7547 pos 0.8792369 0.5180844
457.8545 pos 0.9117263 0.5402572
457.9537 pos 0.9242861 0.5704606
458.0533 pos 0.9372213 0.6094903
458.1527 pos 0.9458996 0.6213503
458.2524 pos 0.9507333 0.6210849
458.3521 pos 0.9488535 0.6150472
458.4515 pos 0.9354647 0.6065049
458.551 pos 0.9094074 0.5890728
458.6506 pos 0.8816533 0.5455214
458.75 pos 0.8673486 0.4918126
458.85 pos 0.8598551 0.4740195
458.9492 pos 0.8515058 0.4696302
459.0487 pos 0.8432345 0.4760712
459.1482 pos 0.8311558 0.4865559
459.2477 pos 0.791322 0.5077854
459.3476 pos 0.7545484 0.5320811
459.4468 pos 0.7381036 0.5476774
459.5463 pos 0.7271508 0.5584298
459.646 pos 0.7244006 0.5714343
459.7455 pos 0.7223514 0.5814251
459.8452 pos 0.7196693 0.5888903
459.9444 pos 0.7087528 0.5890316
460.044 pos 0.6928705 0.5768496
460.1435 pos 0.6440786 0.5583674
460.2431 pos 0.6030792 0.5548674
460.3926 pos 0.575612 0.5475704
460.4919 pos 0.5572898 0.5469302
460.5915 pos 0.5361862 0.5397134
460.691 pos 0.4954814 0.5195743
460.7906 pos 0.4543523 0.4829369
460.8904 pos 0.4227675 0.4580238
460.9897 pos 0.4099102 0.4516747
461.0891 pos 0.3920823 0.4414254
461.1887 pos 0.3623336 0.4229165
461.2884 pos 0.3270818 0.4102164
461.3879 pos 0.3138409 0.40814
461.4872 pos 0.3054696 0.4168074
461.5868 pos 0.2989148 0.422227
461.6863 pos 0.2937858 0.4285332
461.7859 pos 0.2920701 0.4398255
461.8856 pos 0.2896023 0.4523273
461.985 pos 0.2692547 0.4614734
462.0845 pos 0.1986258 0.4764173
462.184 pos 0.103135 0.4870311
462.2835 pos 0.07233038 0.4987963
462.3833 pos 0.07968125 0.5029688
462.4825 pos 0.1000293 0.5072786
462.582 pos 0.1403236 0.5177506
462.6816 pos 0.1958859 0.5242593
462.7811 pos 0.2539261 0.5331319
462.8808 pos 0.3042259 0.5456732
462.9801 pos 0.3464665 0.5642815
463.0797 pos 0.3833594 0.5813279
463.1791 pos 0.4109606 0.5929245
463.2787 pos 0.4301174 0.5969578
463.3784 pos 0.4409965 0.6004058
463.4777 pos 0.4438881 0.6049771
463.5772 pos 0.4363657 0.6052589
463.6768 pos 0.4322171 0.6035915
463.7763 pos 0.4151902 0.6022107
463.8761 pos 0.4053561 0.5993033
463.9754 pos 0.3840547 0.595398
464.075 pos 0.3493082 0.5872275
464.1745 pos 0.3026669 0.5880298
464.274 pos 0.2519099 0.5935257
464.3739 pos 0.2279627 0.5982814
464.4731 pos 0.2258336 0.6002294
464.5726 pos 0.2343433 0.598079
464.6722 pos 0.2522081 0.5911041
464.7718 pos 0.2745785 0.5734543
464.8714 pos 0.2823982 0.5497341
464.9709 pos 0.290076 0.5128153
465.0704 pos 0.295176 0.4883457
465.1701 pos 0.2994914 0.4811937
465.2528 gestureEnd complicated
467.1937 gestureStart
467.1937 pos -0.2366195 0.4299779
467.2933 pos -0.2349025 0.4306841
468.7367 gestureStart
468.7367 pos -0.2566004 0.3567215
468.8361 pos -0.2546582 0.3589771
469.9973 phrase the living is easy
472.9663 gestureStart
472.9663 pos 0.4455306 0.5822293
473.0658 pos 0.4545876 0.5777717
473.1653 pos 0.4985358 0.5579286
473.2649 pos 0.5341137 0.5437734
473.3644 pos 0.5555149 0.532176
473.4639 pos 0.582388 0.5151823
473.5634 pos 0.6261637 0.5028697
473.6631 pos 0.6357747 0.5006611
473.7625 pos 0.6138076 0.5014839
473.8621 pos 0.5553187 0.5081388
473.9615 pos 0.4711232 0.5235935
474.0609 pos 0.4022616 0.5343558
474.1606 pos 0.3324792 0.5425342
474.2601 pos 0.2661077 0.5519837
474.3595 pos 0.2328415 0.5586435
474.4592 pos 0.235822 0.561786
474.5587 pos 0.2442906 0.5634295
474.6583 pos 0.2491257 0.5684539
474.7578 gestureEnd the
476.1677 gestureStart
476.1677 pos 0.8722719 0.4986879
476.2672 pos 0.8678968 0.5010331
476.3668 pos 0.8582464 0.5053247
476.4663 pos 0.8355323 0.5169889
476.5657 pos 0.8102475 0.534201
476.6655 pos 0.7734702 0.5539477
476.765 pos 0.7443005 0.5606588
476.8645 pos 0.7155104 0.5704953
476.9641 pos 0.694935 0.576544
477.0636 pos 0.6819711 0.5749503
477.1631 pos 0.673577 0.5652736
477.2625 pos 0.659067 0.5313038
477.362 pos 0.6405375 0.5053482
477.4616 pos 0.6246524 0.4831318
477.561 pos 0.6089373 0.4743577
477.6605 pos 0.5802937 0.4692407
477.7602 pos 0.5305637 0.4604793
477.8596 pos 0.4731607 0.4525446
477.9594 pos 0.4289266 0.4431416
478.0588 pos 0.4228132 0.4369233
478.1581 pos 0.4236013 0.4353051
478.2576 pos 0.4281928 0.4366086
478.407 pos 0.4524832 0.4408985
478.5067 pos 0.4725093 0.4506068
478.606 pos 0.499247 0.4608537
478.7054 pos 0.5376422 0.4656053
478.805 pos 0.5687304 0.4810151
478.9045 pos 0.5836625 0.5010761
479.0042 pos 0.6089849 0.5248207
479.1035 pos 0.6362966 0.5363033
479.2031 pos 0.6799015 0.5477255
479.3026 pos 0.7075691 0.5612226
479.4022 pos 0.7163527 0.5744085
479.502 pos 0.7212085 0.5820829
479.6013 pos 0.7310541 0.5939686
479.7007 pos 0.7343567 0.5921195
479.8003 pos 0.7334291 0.5879279
479.8997 pos 0.7177632 0.5758446
479.9995 pos 0.6909674 0.5558261
480.0988 pos 0.6664103 0.5282555
480.1983 pos 0.6456639 0.482239
480.2977 pos 0.6310365 0.4503842
480.3973 pos 0.6289197 0.4221528
480.4971 pos 0.6273794 0.4019346
480.5962 pos 0.6261332 0.397165
480.6958 pos 0.6237891 0.4004898
480.7953 pos 0.6065521 0.4132267
480.8949 pos 0.5665545 0.4390099
480.9945 pos 0.5134757 0.4602608
481.0937 pos 0.4781177 0.4864577
481.1934 pos 0.4807502 0.4986322
481.2928 pos 0.4780983 0.5191403
481.3427 gestureEnd living
483.665 gestureStart
483.665 pos 0.7154865 0.5870602
483.7645 pos 0.7118763 0.5858144
483.864 pos 0.7134469 0.5837632
483.9634 pos 0.7037669 0.5784193
484.0631 pos 0.683878 0.5713396
484.1626 pos 0.633451 0.5631136
484.2621 pos 0.5533855 0.5572586
484.3617 pos 0.4703233 0.5536856
484.461 pos 0.4143975 0.5553018
484.5605 pos 0.3654566 0.5549858
484.6602 pos 0.3366799 0.5527081
484.7598 pos 0.2951597 0.5445607
484.9089 pos 0.2475149 0.53896
485.0084 pos 0.2377323 0.5398233
485.108 pos 0.2291049 0.5380936
485.2078 pos 0.2240159 0.5365026
485.3071 gestureEnd is
486.5676 gestureStart
486.5676 pos 0.2632814 0.5918078
486.6671 pos 0.2616826 0.5954329
486.7666 pos 0.257166 0.5954645
486.8661 pos 0.2456712 0.5934342
486.9656 pos 0.2336305 0.5909714
487.065 pos 0.2247998 0.5871864
487.1646 pos 0.21613 0.5831676
487.2642 pos 0.2104142 0.5782725
487.3637 pos 0.2038983 0.5733688
487.4632 pos 0.1991314 0.5632222
487.5626 pos 0.1949171 0.5572052
487.6622 pos 0.1946641 0.5499477
487.7617 pos 0.1882644 0.5478328
487.8613 pos 0.1129547 0.5467621
487.9608 pos 0.03226576 0.5118799
488.0603 pos 0.02092915 0.4835892
488.1599 pos 0.04357839 0.4636106
488.2593 pos 0.0651793 0.46203
488.3589 pos 0.0956172 0.4664941
488.4584 pos 0.1515498 0.4771695
488.5579 pos 0.2078509 0.4906005
488.6573 pos 0.237205 0.5006216
488.7569 pos 0.2574821 0.5132118
488.8563 pos 0.3059851 0.5292853
488.9559 pos 0.3631238 0.5416037
489.0555 pos 0.422317 0.554089
489.1549 pos 0.4670249 0.5621501
489.2544 pos 0.4905891 0.5692758
489.3538 pos 0.5222194 0.572088
489.4536 pos 0.5528961 0.5795419
489.5531 pos 0.562768 0.5854254
489.6526 pos 0.5527788 0.5883076
489.6857 gestureEnd easy
491.3109 gestureStart
491.3109 pos -0.3168798 0.3383935
491.4103 pos -0.3071454 0.3408195
492.5551 phrase sign the withdrawal slip
495.1924 gestureStart
495.1924 pos 0.2243083 0.4884159
495.292 pos 0.2445826 0.4952493
495.3915 pos 0.3079483 0.5014426
495.4911 pos 0.3962953 0.5058221
495.5905 pos 0.4530972 0.5125014
495.6901 pos 0.5207615 0.5143465
495.7897 pos 0.5884371 0.5200811
495.8892 pos 0.6695511 0.5293679
495.9886 pos 0.7133394 0.5430334
496.0882 pos 0.7173319 0.553428
496.1877 pos 0.7267895 0.5768365
496.3371 pos 0.7564212 0.6014314
496.4366 pos 0.7671728 0.5991799
496.5361 pos 0.7567459 0.5947337
496.6358 pos 0.7395085 0.5892461
496.7352 pos 0.6931049 0.5814793
496.8347 pos 0.6316524 0.5508258
496.9343 pos 0.5682639 0.5324115
497.0337 pos 0.5308868 0.5093765
497.1334 pos 0.5137617 0.497819
497.2327 pos 0.4971515 0.4841073
497.3322 pos 0.4898731 0.478535
497.4318 pos 0.5139143 0.4644942
497.5314 pos 0.5679196 0.4442399
497.6309 pos 0.6114107 0.4281777
497.7305 pos 0.62345 0.4203197
497.83 pos 0.6311783 0.4118762
497.9295 pos 0.6341468 0.4047611
498.029 pos 0.6365523 0.4030736
498.1285 pos 0.6372076 0.4031131
498.228 pos 0.6374382 0.4049546
498.278 gestureEnd sign
499.6045 gestureStart
499.6045 pos 0.7517893 0.597798
499.704 pos 0.751986 0.5942532
499.8035 pos 0.7415452 0.5869858
499.903 pos 0.707055 0.5794092
500.0024 pos 0.6607674 0.570022
500.1021 pos 0.5932794 0.5573585
500.2016 pos 0.5228469 0.5286512
500.3011 pos 0.4536802 0.5113098
500.4006 pos 0.3997291 0.5090291
500.5 pos 0.3459738 0.5106195
500.5996 pos 0.2911697 0.5151711
500.6992 pos 0.2226513 0.5197998
500.7986 pos 0.1672308 0.5243793
500.8982 pos 0.1542429 0.531516
500.9977 pos 0.16148 0.5348778
501.0971 pos 0.1740677 0.5346821
501.1967 pos 0.1858749 0.5339429
501.2134 gestureEnd is
503.419 gestureStart
503.419 pos 0.1845749 0.5876805
503.5185 pos 0.1845525 0.586137
503.618 pos 0.1879021 0.583376
503.7176 pos 0.206908 0.5842469
503.817 pos 0.2857589 0.5869138
503.9165 pos 0.3563438 0.5908674
504.0161 pos 0.4086055 0.5925666
504.1155 pos 0.4593622 0.5925926
504.2152 pos 0.5051271 0.5936136
504.3145 pos 0.5586242 0.5982888
504.414 pos 0.6340145 0.6001603
504.5136 pos 0.7062429 0.592602
504.6131 pos 0.726464 0.5909954
504.7125 pos 0.7219695 0.5898368
504.8121 pos 0.70176 0.5922079
504.9116 pos 0.6634791 0.5989913
505.0113 pos 0.5710539 0.598399
505.1105 pos 0.4886059 0.5877085
505.2102 pos 0.4554714 0.5839534
505.3097 pos 0.46205 0.5818021
505.4092 pos 0.4972702 0.5689052
505.5089 pos 0.546743 0.5471022
505.6082 pos 0.5926598 0.5200011
505.7078 pos 0.6059268 0.5041337
505.8074 pos 0.6107673 0.4853812
505.9068 pos 0.5797375 0.4869117
506.0065 pos 0.5254745 0.4902096
506.1059 pos 0.4679017 0.4941415
506.2055 pos 0.4218044 0.503844
506.3051 pos 0.3718238 0.5099694
506.4045 pos 0.3386279 0.5081905
506.5042 pos 0.3098281 0.5143538
506.6035 pos 0.2807688 0.5239622
506.703 pos 0.2862084 0.5461587
506.8024 pos 0.3197087 0.56465
506.902 pos 0.3394295 0.6074799
507.0017 pos 0.3467019 0.6195991
507.101 pos 0.3370023 0.6149661
507.2006 pos 0.298462 0.5967503
507.3001 pos 0.2293458 0.5785964
507.3996 pos 0.1843158 0.5764686
507.4993 pos 0.1777912 0.5783662
507.5987 pos 0.1782705 0.5792003
507.6982 pos 0.1815553 0.5807104
507.7977 pos 0.1823279 0.5814432
507.8972 pos 0.1783612 0.5820599
507.9969 pos 0.1564074 0.5857729
508.0963 pos 0.1235251 0.5920429
508.1958 pos 0.1237707 0.5907357
508.2954 pos 0.13494 0.587454
508.3948 pos 0.1354652 0.5869794
508.4947 pos 0.1379049 0.5868654
508.594 pos 0.1374452 0.5876277
508.6935 pos 0.1379951 0.5850269
508.7931 pos 0.1384131 0.581405
508.8925 pos 0.1359338 0.56913
508.9924 pos 0.1302372 0.5493064
509.0916 pos 0.1172076 0.5197396
509.1913 pos 0.1181784 0.5011654
509.2907 pos 0.1236 0.4886805
509.3902 pos 0.1515989 0.4871969
509.4899 pos 0.2612039 0.4943597
509.6391 pos 0.3935792 0.5159017
509.7385 pos 0.469716 0.5142266
509.838 pos 0.5421323 0.5202272
509.9377 pos 0.6060335 0.5244732
510.0374 pos 0.6623777 0.5279742
510.1367 pos 0.7068526 0.5152519
510.2362 pos 0.7535969 0.5100774
510.3357 pos 0.7990298 0.497665
510.4352 pos 0.8594036 0.4860323
510.535 pos 0.8787975 0.4845216
510.6507 pos 0.8794643 0.4866159
510.7502 pos 0.872098 0.4981126
510.8498 pos 0.8285398 0.5268767
510.9493 gestureEnd withdrawal
513.5036 gestureStart
513.5036 pos 0.2112562 0.4780019
513.6028 pos 0.2181173 0.4827137
513.7023 pos 0.2310564 0.4896288
513.8019 pos 0.292324 0.4909881
513.9014 pos 0.3711496 0.4946581
514.0009 pos 0.4526743 0.494988
514.1004 pos 0.5233642 0.489127
514.2 pos 0.5816492 0.4953326
514.2994 pos 0.6536689 0.493956
514.399 pos 0.7249138 0.4931363
514.4985 pos 0.8136032 0.4887282
514.598 pos 0.8682226 0.4831812
514.6976 pos 0.8822639 0.4806317
514.7971 pos 0.8817393 0.4825023
514.8967 pos 0.8768643 0.487915
514.9962 pos 0.8675286 0.4930434
515.0957 pos 0.8544519 0.5039769
515.1953 pos 0.8340744 0.5257306
515.2946 pos 0.8126106 0.5452885
515.3944 pos 0.8036439 0.574326
515.4938 pos 0.7923698 0.5743228
515.5933 pos 0.7544651 0.5765386
515.6927 pos 0.6986923 0.5852485
515.7922 pos 0.7163599 0.580757
515.8921 pos 0.7731177 0.5774467
515.9914 pos 0.8301405 0.5727447
516.0909 pos 0.8648735 0.5801552
516.2401 pos 0.9355737 0.5850944
516.3397 pos 0.9934984 0.5847414
516.4393 pos 1.018279 0.5792833
516.5386 pos 0.9981776 0.5865327
516.6052 gestureEnd slip
518.2803 gestureStart
518.2803 pos -0.3409782 0.3221352
518.3797 pos -0.3252504 0.3387355
519.3254 phrase the generation gap gets wider
522.6593 gestureStart
522.6593 pos 0.437216 0.5877188
522.7587 pos 0.4385991 0.5869174
522.8582 pos 0.4412274 0.5858367
522.9578 pos 0.4438764 0.5823119
523.0573 pos 0.4523517 0.5727187
523.1567 pos 0.4962198 0.5493935
523.2563 pos 0.5566825 0.5355058
523.3558 pos 0.5651605 0.5290742
523.4553 pos 0.571785 0.5214865
523.5547 pos 0.5735967 0.5157384
523.6544 pos 0.5842692 0.5055993
523.7538 pos 0.6386044 0.4908916
523.8534 pos 0.6621562 0.4842188
523.9528 pos 0.6474451 0.485217
524.0524 pos 0.6279415 0.4887216
524.1519 pos 0.5772899 0.4964305
524.2513 pos 0.517693 0.5044339
524.351 pos 0.4623809 0.5167717
524.4505 pos 0.4114752 0.5254138
524.55 pos 0.3611368 0.5345687
524.6495 pos 0.303625 0.5479781
524.7491 pos 0.2860535 0.557743
524.8486 pos 0.2800921 0.5658466
524.9481 pos 0.2749953 0.5787758
525.0641 pos 0.2659651 0.5947174
525.1638 pos 0.2612112 0.6039754
525.2466 gestureEnd the
526.7559 gestureStart
526.7559 pos 0.4887113 0.4873397
526.8552 pos 0.4849855 0.4878406
526.9549 pos 0.4766742 0.4912054
527.0543 pos 0.4476267 0.5020599
527.1539 pos 0.4010588 0.5238932
527.2534 pos 0.3480682 0.5539257
527.3531 pos 0.3093894 0.5735009
527.4525 pos 0.2757085 0.5861237
527.5521 pos 0.2490746 0.5941659
527.718 pos 0.2736294 0.5912569
527.8174 pos 0.3496542 0.5727971
527.9169 pos 0.4099884 0.5521998
528.0164 pos 0.4462405 0.5324054
528.1159 pos 0.4858661 0.5046737
528.2157 pos 0.5399395 0.4745169
528.315 pos 0.5954463 0.448244
528.4145 pos 0.6345571 0.4294592
528.514 pos 0.6444369 0.4148965
528.6135 pos 0.6370423 0.4066281
528.7133 pos 0.6301309 0.4023165
528.8125 pos 0.6175618 0.4070258
528.9122 pos 0.5842698 0.4195782
529.0115 pos 0.5421361 0.44042
529.111 pos 0.4815507 0.4703985
529.2109 pos 0.4212414 0.4951809
529.3102 pos 0.3798648 0.5123191
529.4098 pos 0.3385412 0.5285298
529.5092 pos 0.3030163 0.5418397
529.6088 pos 0.2736356 0.5611655
529.7083 pos 0.2558043 0.5777465
529.8078 pos 0.2577205 0.5890902
529.9075 pos 0.3187342 0.5904897
530.0067 pos 0.3899737 0.5880069
530.1064 pos 0.4041894 0.5879814
530.2061 pos 0.3981868 0.5836352
530.3054 pos 0.3718353 0.5791892
530.4048 pos 0.3132835 0.57139
530.5045 pos 0.2480377 0.5612828
530.6039 pos 0.1856647 0.546837
530.7037 pos 0.1380252 0.5307221
530.803 pos 0.1045875 0.5221775
530.9025 pos 0.09407602 0.5097161
531.002 pos 0.09583712 0.5105403
531.1015 pos 0.137189 0.5124824
531.2012 pos 0.2238136 0.5282361
531.3005 pos 0.3007642 0.5323793
531.4002 pos 0.3587537 0.5320438
531.4996 pos 0.4042195 0.5465338
531.5991 pos 0.4365105 0.5684153
531.699 pos 0.4638355 0.5883929
531.7982 pos 0.4837271 0.5992592
531.8977 pos 0.4994565 0.6028133
531.9973 pos 0.5505018 0.6034104
532.0968 pos 0.6074067 0.6068355
532.1966 pos 0.6616301 0.6073029
532.2959 pos 0.6989118 0.6129311
532.3954 pos 0.7289943 0.6130488
532.495 pos 0.7543421 0.6082404
532.5944 pos 0.7894207 0.6066209
532.6942 pos 0.8252989 0.606314
532.7935 pos 0.8481656 0.598398
532.893 pos 0.8581414 0.5961579
532.9926 pos 0.8486679 0.5905807
533.0922 pos 0.8174131 0.5842542
533.192 pos 0.777015 0.5620195
533.2911 pos 0.7432237 0.5338243
533.3908 pos 0.7208977 0.5014446
533.4902 pos 0.7028521 0.4794259
533.5898 pos 0.6893998 0.4730727
533.6896 pos 0.6773818 0.4485962
533.7887 pos 0.6655958 0.4160053
533.8884 pos 0.6616793 0.3946804
533.9879 pos 0.6548942 0.3930666
534.0378 gestureEnd generation
535.8292 gestureStart
535.8292 pos 0.499153 0.509868
535.9286 pos 0.4680605 0.5141831
536.0284 pos 0.4142281 0.5183567
536.1279 pos 0.3587003 0.5261748
536.2274 pos 0.2944175 0.5225753
536.3268 pos 0.2381874 0.51749
536.4265 pos 0.2167275 0.5139958
536.526 pos 0.2035083 0.5155341
536.6255 pos 0.1938085 0.5126072
536.725 pos 0.1641801 0.5124854
536.8245 pos 0.09644847 0.5115654
536.9241 pos 0.08186407 0.5108106
537.0236 pos 0.1063326 0.5098905
537.1231 pos 0.184593 0.5184906
537.2227 pos 0.2858922 0.5342849
537.3221 pos 0.4024253 0.5393361
537.4216 pos 0.5246387 0.5400411
537.5212 pos 0.6239052 0.5442017
537.6206 pos 0.705824 0.5472372
537.7202 pos 0.7777991 0.5619562
537.8198 pos 0.8285609 0.5774068
537.9192 pos 0.8907102 0.584145
538.0189 pos 0.9418179 0.593934
538.1183 pos 0.9525396 0.598393
538.2178 pos 0.9526596 0.5990071
538.3173 pos 0.9171117 0.6042616
538.3837 gestureEnd gap
540.6061 gestureStart
540.6061 pos 0.5135064 0.4932128
540.7553 pos 0.4945648 0.4984285
540.8549 pos 0.4388338 0.5108679
540.9545 pos 0.3607657 0.5330511
541.0538 pos 0.3182098 0.5484444
541.1534 pos 0.2969367 0.5601527
541.2531 pos 0.2663265 0.5665211
541.3525 pos 0.2441044 0.5742434
541.4521 pos 0.2476935 0.580534
541.5516 pos 0.3216763 0.5860527
541.651 pos 0.3934433 0.5854663
541.7505 pos 0.4128977 0.5828895
541.85 pos 0.4149894 0.5807045
541.9496 pos 0.4230963 0.5828511
542.0491 pos 0.4652739 0.5872602
542.1485 pos 0.52053 0.5874028
542.248 pos 0.5179974 0.5827038
542.3476 pos 0.4747189 0.5795352
542.4472 pos 0.4119118 0.5760657
542.5466 pos 0.3350751 0.5638348
542.6461 pos 0.2678953 0.5346679
542.7457 pos 0.2293709 0.5194201
542.8452 pos 0.2092574 0.5028196
542.9447 pos 0.2005452 0.5010867
543.0442 pos 0.2083171 0.5112029
543.1272 gestureEnd gets
545.2667 gestureStart
545.2667 pos 0.1816607 0.6039147
545.366 pos 0.1763907 0.603218
545.4656 pos 0.1764425 0.6020468
545.5651 pos 0.1879849 0.5968143
545.6646 pos 0.2248122 0.5924919
545.7642 pos 0.2809572 0.5890362
545.8636 pos 0.3619007 0.5915231
545.9632 pos 0.4763327 0.5889962
546.0627 pos 0.5514896 0.5916561
546.1624 pos 0.5950608 0.5898175
546.2618 pos 0.6341777 0.5956922
546.3615 pos 0.6713049 0.6000439
546.4609 pos 0.7175571 0.6138805
546.5605 pos 0.75541 0.6124578
546.6601 pos 0.7646921 0.6107002
546.7597 pos 0.7594392 0.6050058
546.8589 pos 0.7362472 0.6005479
546.9586 pos 0.6979446 0.5959249
547.058 pos 0.6474556 0.5882063
547.1574 pos 0.5969326 0.5736789
547.307 pos 0.5152458 0.5571125
547.4063 pos 0.4513623 0.5491649
547.5059 pos 0.3910255 0.5491508
547.6054 pos 0.3500798 0.54527
547.705 pos 0.3300965 0.5435415
547.8047 pos 0.3089636 0.5384412
547.9039 pos 0.2953747 0.5368856
548.0034 pos 0.2864895 0.5294518
548.103 pos 0.2803364 0.5255353
548.2025 pos 0.2759339 0.5256024
548.3023 pos 0.2744547 0.5280437
548.4015 pos 0.2722405 0.5522133
548.501 pos 0.2687209 0.5819002
548.6005 pos 0.2640275 0.588701
548.7001 pos 0.2599873 0.5908566
548.7997 pos 0.2854609 0.5864108
548.899 pos 0.3637471 0.594098
548.9985 pos 0.3869021 0.5996419
549.098 pos 0.3846623 0.5989853
549.1811 gestureEnd wider
550.7733 gestureStart
550.7733 pos -0.3308874 0.3587767
550.8728 pos -0.3265925 0.3587091
551.8349 phrase insurance is important for bad drivers
554.3391 gestureStart
554.3391 pos 0.7296498 0.5956444
554.4385 pos 0.7299664 0.5946907
554.5381 pos 0.7293738 0.5950364
554.6376 pos 0.7252254 0.5886375
554.7372 pos 0.7235557 0.5769305
554.8367 pos 0.7188187 0.5603839
554.9361 pos 0.7117506 0.5146605
555.0356 pos 0.7020165 0.4876254
555.1351 pos 0.6831817 0.4448082
555.2346 pos 0.6714106 0.4377844
555.3341 pos 0.6509299 0.426822
555.4337 pos 0.6292948 0.4166327
555.5333 pos 0.6010738 0.4239181
555.6327 pos 0.5438313 0.4443124
555.7322 pos 0.4530062 0.4795797
555.8319 pos 0.3663127 0.4966027
555.9312 pos 0.2916509 0.5005487
556.0308 pos 0.2487367 0.5005578
556.1302 pos 0.2374571 0.501422
556.2297 pos 0.2320168 0.5036256
556.3293 pos 0.2311548 0.5085856
556.4286 pos 0.2485989 0.5094715
556.5283 pos 0.312056 0.5272352
556.6277 pos 0.3827594 0.5484126
556.7272 pos 0.4360815 0.56997
556.8268 pos 0.4921052 0.5807864
556.9261 pos 0.539099 0.5873073
557.0257 pos 0.5770188 0.5878132
557.1252 pos 0.6118532 0.5875893
557.2246 pos 0.627395 0.5935228
557.3244 pos 0.6351935 0.5953376
557.4236 pos 0.63947 0.5960954
557.5233 pos 0.6490192 0.593075
557.6226 pos 0.6512517 0.5893474
557.7223 pos 0.6077769 0.581504
557.822 pos 0.5185056 0.5833059
557.9212 pos 0.4567336 0.5869771
558.0208 pos 0.4232702 0.5862667
558.1202 pos 0.3971419 0.5880904
558.2197 pos 0.3762586 0.5868344
558.3194 pos 0.3386824 0.5881325
558.4188 pos 0.3227834 0.5890955
558.5182 pos 0.3068837 0.5875362
558.6178 pos 0.2832021 0.574396
558.7173 pos 0.2255115 0.5513712
558.8171 pos 0.1578174 0.5393281
558.9163 pos 0.1150088 0.5249314
559.0158 pos 0.1128263 0.5154877
559.1153 pos 0.1185533 0.5084938
559.2148 pos 0.1589744 0.5030266
559.3146 pos 0.2293902 0.4937594
559.4139 pos 0.2840201 0.4840626
559.5134 pos 0.3350722 0.4744734
559.6627 pos 0.4354624 0.456338
559.7623 pos 0.5191544 0.4458286
559.8621 pos 0.5837543 0.4263138
559.9612 pos 0.6094596 0.4126514
560.0608 pos 0.6203761 0.400801
560.1603 pos 0.6291633 0.392084
560.2598 pos 0.6476968 0.3872114
560.3596 pos 0.6723089 0.3771083
560.4589 pos 0.6652591 0.3784419
560.5583 pos 0.6625212 0.3801494
560.6577 pos 0.6191762 0.398625
560.7573 pos 0.5655456 0.4120632
560.857 pos 0.5487808 0.4089574
560.9561 pos 0.552983 0.4074498
561.0557 pos 0.5442505 0.4057441
561.1552 pos 0.4747678 0.4033277
561.2548 pos 0.4092838 0.4015218
561.3544 pos 0.3806197 0.4052394
561.4536 pos 0.3705313 0.4093091
561.5532 pos 0.3354099 0.4270358
561.6528 pos 0.2932341 0.4506097
561.7523 pos 0.2579469 0.4981478
561.852 pos 0.261849 0.5248446
561.9512 pos 0.275933 0.55634
562.0508 pos 0.2771925 0.5868535
562.1503 pos 0.26678 0.6271225
562.2499 pos 0.2568626 0.6469499
562.3495 pos 0.2510808 0.6524274
562.449 gestureEnd insurance
564.1076 gestureStart
564.1076 pos 0.751564 0.5855052
564.207 pos 0.7427313 0.5888503
564.3065 pos 0.7243546 0.5846063
564.4059 pos 0.6660346 0.5785016
564.5054 pos 0.5793579 0.5675704
564.6051 pos 0.4661019 0.5549389
564.7048 pos 0.4114162 0.5328055
564.8041 pos 0.3771357 0.5198866
564.9036 pos 0.3352215 0.5046443
565.0031 pos 0.2883978 0.5035461
565.1025 pos 0.2338899 0.5093414
565.202 pos 0.1855499 0.5117863
565.3015 pos 0.1873248 0.5168087
565.4011 pos 0.1935147 0.5204254
565.5006 pos 0.2000455 0.5208855
565.5339 gestureEnd is
567.3414 gestureStart
567.3414 pos 0.7305068 0.600788
567.441 pos 0.7389197 0.5741242
567.5405 pos 0.746347 0.51797
567.64 pos 0.7549222 0.4797823
567.7393 pos 0.7591925 0.4518585
567.839 pos 0.7617272 0.440533
567.9385 pos 0.7596134 0.4331098
568.038 pos 0.7616747 0.4316787
568.1375 pos 0.7655312 0.426041
568.2371 pos 0.770583 0.4244129
568.3365 pos 0.7786881 0.4275212
568.4361 pos 0.7819908 0.4432387
568.5355 pos 0.7853574 0.4657631
568.635 pos 0.8028479 0.4996926
568.7348 pos 0.8362936 0.5220221
568.8342 pos 0.8832841 0.5410823
568.9338 pos 0.936218 0.558046
569.0332 pos 0.9522924 0.5736474
569.1327 pos 0.9559509 0.5919932
569.2323 pos 0.9513531 0.5970527
569.3317 pos 0.9227546 0.592845
569.4312 pos 0.8783801 0.5789316
569.5308 pos 0.857944 0.5824313
569.6302 pos 0.8377695 0.5837035
569.7299 pos 0.7706861 0.5943211
569.8292 pos 0.7162619 0.5999906
569.9288 pos 0.6615388 0.6003034
570.0283 pos 0.59034 0.5995429
570.1278 pos 0.5222638 0.5922312
570.2274 pos 0.4658587 0.5883064
570.3268 pos 0.4288181 0.5876344
570.4263 pos 0.3967083 0.5879725
570.5258 pos 0.3663972 0.5908554
570.6252 pos 0.3322225 0.5911283
570.725 pos 0.3223358 0.5923082
570.8243 pos 0.3456978 0.591459
570.9238 pos 0.3907632 0.6033314
571.0233 pos 0.444977 0.6025943
571.1227 pos 0.5030329 0.5965061
571.2225 pos 0.4953086 0.5980228
571.3218 pos 0.4788319 0.5984697
571.4214 pos 0.4215554 0.5966958
571.5209 pos 0.3515774 0.584919
571.6204 pos 0.2947087 0.5544537
571.7202 pos 0.2398454 0.5315056
571.8195 pos 0.1841389 0.5100452
571.9192 pos 0.1266147 0.5022089
572.0184 pos 0.08449831 0.498982
572.1181 pos 0.08182225 0.5018213
572.2178 pos 0.1333745 0.5071532
572.3172 pos 0.2234468 0.5085605
572.4167 pos 0.3117805 0.4968205
572.5162 pos 0.3919704 0.4847601
572.6157 pos 0.4583089 0.4770955
572.7654 pos 0.5035207 0.4644405
572.8645 pos 0.5422577 0.4449944
572.9641 pos 0.5771517 0.426385
573.0635 pos 0.620272 0.396328
573.163 pos 0.6389945 0.3810767
573.2628 pos 0.6391184 0.3805797
573.3621 pos 0.6159798 0.4018882
573.4617 pos 0.5846907 0.4243614
573.5612 pos 0.5468741 0.4536433
573.6606 pos 0.5068148 0.4852102
573.7604 pos 0.4810946 0.5278768
573.8597 pos 0.4631719 0.5796851
573.9593 pos 0.4585449 0.6069246
574.0587 pos 0.4546654 0.6175617
574.1584 gestureEnd important
575.7669 gestureStart
575.7669 pos 0.3994149 0.5050352
575.8665 pos 0.4082591 0.5051497
575.9661 pos 0.4139843 0.5089994
576.0656 pos 0.5032579 0.5175694
576.165 pos 0.6406631 0.5195277
576.2647 pos 0.7046932 0.5246181
576.364 pos 0.7470507 0.526618
576.4636 pos 0.7575641 0.5398727
576.563 pos 0.8067312 0.5691111
576.6625 pos 0.8910707 0.5954853
576.762 pos 0.9067413 0.5940201
576.8616 pos 0.8835998 0.5947612
576.9611 pos 0.85204 0.5944659
577.0605 pos 0.7881323 0.597224
577.16 pos 0.7025471 0.5994383
577.2596 pos 0.6108677 0.6004472
577.359 pos 0.4996159 0.6025676
577.4585 pos 0.3927754 0.5990054
577.558 pos 0.34098 0.6058301
577.6575 pos 0.3473468 0.6064799
577.7572 pos 0.3653152 0.6198991
577.7739 gestureEnd four
579.6149 gestureStart
579.6149 pos 0.534516 0.4083883
579.7144 pos 0.4769293 0.4175768
579.814 pos 0.3742121 0.4295417
579.9135 pos 0.2709011 0.4371502
580.0131 pos 0.2074245 0.4359207
580.1125 pos 0.1666972 0.4436761
580.212 pos 0.1325551 0.457763
580.3115 pos 0.1133286 0.4716185
580.4109 pos 0.09374418 0.4868868
580.5106 pos 0.1025001 0.4892948
580.61 pos 0.1290948 0.4960834
580.7095 pos 0.172837 0.5067809
580.8091 pos 0.2387398 0.5112081
580.9084 pos 0.3205397 0.4979052
581.0079 pos 0.3560956 0.4953916
581.1075 pos 0.3640504 0.5004303
581.2071 pos 0.369329 0.5083403
581.3069 pos 0.3726257 0.5108525
581.4061 pos 0.3672724 0.5094554
581.5057 pos 0.3481593 0.5117402
581.6052 pos 0.3077139 0.5082759
581.7047 pos 0.2922043 0.5057223
581.8044 pos 0.295496 0.5066998
581.9037 pos 0.3012083 0.5066031
582.0034 pos 0.2974258 0.5077485
582.1028 pos 0.2923063 0.5075052
582.2023 pos 0.2907598 0.5095596
582.2355 gestureEnd bare
583.2806 gestureStart
583.2806 pos 0.3051676 0.482098
583.3801 pos 0.3123993 0.5097013
583.4797 pos 0.3175583 0.532952
583.5792 pos 0.3180746 0.5477195
583.6787 pos 0.3212291 0.5605119
583.7783 pos 0.3425337 0.5835137
583.8778 pos 0.384963 0.6176849
583.9774 pos 0.430885 0.6333002
584.0768 pos 0.44969 0.6262863
584.1763 pos 0.4825356 0.6140561
584.2758 pos 0.5491166 0.5921912
584.3752 pos 0.6173472 0.5858295
584.4749 pos 0.6721025 0.5838217
584.5743 pos 0.6878828 0.5840408
584.6738 pos 0.6914929 0.5851849
584.7734 pos 0.7057947 0.5842977
584.8729 pos 0.758451 0.5830463
584.9724 pos 0.7706366 0.5806062
585.1216 pos 0.746632 0.5787539
585.2211 pos 0.7100729 0.5813367
585.3207 pos 0.6733245 0.5672288
585.4202 pos 0.6204954 0.5424636
585.5197 pos 0.5689304 0.5195302
585.6193 pos 0.5267175 0.4937025
585.7186 pos 0.4874404 0.4701935
585.8182 pos 0.470372 0.4541502
585.9177 pos 0.4565566 0.4203197
586.0172 pos 0.4494098 0.3988198
586.1169 pos 0.4418601 0.3851107
586.2163 pos 0.430729 0.3909352
586.3158 pos 0.3876864 0.4152248
586.4153 pos 0.337995 0.4407049
586.5148 pos 0.3187233 0.4623266
586.6144 pos 0.3052144 0.4872503
586.7139 pos 0.2755564 0.5222952
586.8134 pos 0.244795 0.548937
586.9128 pos 0.2409776 0.5648239
587.0125 pos 0.2484738 0.5738754
587.1119 pos 0.2610252 0.5812967
587.2114 pos 0.3052275 0.572681
587.311 pos 0.3593692 0.5726793
587.4107 pos 0.3796289 0.5734084
587.5101 pos 0.3769081 0.5726487
587.6096 pos 0.3564373 0.5710225
587.7092 pos 0.3007415 0.5661314
587.8087 pos 0.2431953 0.5562482
587.9082 pos 0.2164976 0.5444483
588.0076 pos 0.2054749 0.5278988
588.1071 pos 0.205369 0.513275
588.2066 pos 0.2081815 0.5079368
588.306 pos 0.2257591 0.5176814
588.3561 gestureEnd drivers
591.7889 gestureStart
591.7889 pos -0.3196525 0.37324
591.8885 pos -0.3138505 0.3800952
