164.1787 session normal_0.9_1
164.1787 phrase this phenomenon will never occur
165.6178 gestureStart
165.6178 pos 0.4683637 0.5874364
165.636 pos 0.4683637 0.5874364
165.6649 pos 0.4683637 0.5874364
165.706 pos 0.4901855 0.5819318
165.7404 pos 0.5283696 0.5600572
165.7743 pos 0.5447463 0.5436789
165.8142 pos 0.5720778 0.5273204
165.849 pos 0.588508 0.5218734
165.8833 pos 0.6159622 0.5054775
165.9235 pos 0.6214656 0.5
165.9578 pos 0.6214657 0.5
165.9907 pos 0.643528 0.50549
166.0288 pos 0.7328057 0.5277441
166.0639 pos 0.7897378 0.5504147
166.0973 pos 0.8128222 0.5618934
166.1366 pos 0.8186243 0.5676044
166.1707 pos 0.8186243 0.5676044
166.2044 pos 0.8012556 0.5673853
166.2438 pos 0.7554546 0.5612828
166.2788 pos 0.7215366 0.5609775
166.3137 pos 0.6879321 0.5607166
166.3534 pos 0.610463 0.549304
166.3873 pos 0.5338269 0.5436669
166.421 pos 0.5010937 0.5381909
166.4617 pos 0.4519806 0.5218349
166.496 pos 0.3972281 0.5109453
166.5295 pos 0.3531516 0.4945083
166.5688 pos 0.3087125 0.4889644
166.6021 pos 0.269441 0.4833605
166.6343 pos 0.2468034 0.4833042
166.6743 pos 0.2297194 0.4832584
166.7073 pos 0.2297194 0.4832584
166.7402 pos 0.2240045 0.4832425
166.7794 pos 0.2240026 0.4832424
166.8125 pos 0.2240026 0.4832424
166.8467 pos 0.2297156 0.4832584
166.8862 pos 0.235416 0.483274
166.9041 gestureEnd goods
168.0224 gestureStart
168.0224 pos 0.1189547 0.7069749
168.0419 pos 0.1189547 0.7069749
168.0712 pos 0.1189547 0.7069749
168.0831 select this
169.0081 gestureStart
169.0081 pos 0.9747282 0.6228632
169.0267 pos 0.9560971 0.6222659
169.0617 pos 0.9132987 0.603615
169.0969 pos 0.8301685 0.5790752
169.1313 pos 0.7102078 0.5553424
169.174 pos 0.6268799 0.5329006
169.2066 pos 0.6048754 0.5328473
169.2403 pos 0.5774584 0.5273274
169.2795 pos 0.5555795 0.5218403
169.3121 pos 0.5555795 0.5218403
169.3462 pos 0.5555795 0.5218403
169.3871 pos 0.5501156 0.5218363
169.4226 pos 0.5501155 0.5218363
169.4546 pos 0.5501155 0.5218363
169.4937 pos 0.5501155 0.5218363
169.5267 pos 0.5501154 0.5218363
169.5604 pos 0.5501153 0.5218363
169.5993 pos 0.5501153 0.5218363
169.6321 pos 0.5501153 0.5218363
169.6657 pos 0.5501152 0.5218363
169.7054 pos 0.5501152 0.5218363
169.7398 pos 0.5501151 0.5218363
169.7726 pos 0.5501151 0.5218363
169.8126 pos 0.550115 0.5218363
169.8462 pos 0.550115 0.5218363
169.8793 pos 0.550115 0.5218363
169.9193 pos 0.5501149 0.5218363
169.9531 pos 0.5501149 0.5218363
169.9897 pos 0.5501148 0.5218363
170.0264 pos 0.5501148 0.5218363
170.0585 pos 0.5501148 0.5218363
170.097 pos 0.5501147 0.5218363
170.1311 pos 0.5391924 0.5218295
170.1646 pos 0.5064547 0.5272754
170.1988 pos 0.4628097 0.5491343
170.2382 pos 0.4245476 0.5656289
170.2711 pos 0.4026227 0.5766849
170.306 pos 0.3696204 0.5933949
170.3456 pos 0.3308886 0.610357
170.379 pos 0.3141941 0.6161208
170.417 pos 0.2974326 0.6219314
170.4513 pos 0.2862181 0.6221088
170.4848 pos 0.2693344 0.6223934
170.5236 pos 0.2580337 0.6225955
170.5563 pos 0.2523664 0.6227005
170.59 pos 0.2466893 0.6228078
170.6299 pos 0.2466893 0.6228078
170.6634 pos 0.2466893 0.6228078
170.6953 pos 0.2466893 0.6228078
170.7337 pos 0.2466893 0.6228078
170.768 pos 0.252359 0.6227005
170.8026 pos 0.252359 0.6227005
170.841 pos 0.2580213 0.6169912
170.8772 pos 0.2749516 0.6055369
170.9101 pos 0.2974045 0.5941032
170.9495 pos 0.3308522 0.5661067
170.9826 pos 0.3640642 0.5439082
171.0157 pos 0.402576 0.516413
171.0547 pos 0.4299667 0.4945372
171.0896 pos 0.4627512 0.4836293
171.1228 pos 0.4954858 0.4618087
171.1624 pos 0.5282146 0.4454099
171.1951 pos 0.533672 0.445404
171.2276 pos 0.5445911 0.4399199
171.2659 pos 0.560983 0.4289354
171.2995 pos 0.5828724 0.4233788
171.3324 pos 0.5883521 0.4178662
171.3729 pos 0.6158057 0.4177198
171.4073 pos 0.6213089 0.4176857
171.4419 pos 0.6433706 0.4120184
171.4804 pos 0.6655207 0.4007641
171.5129 pos 0.6710739 0.4007058
171.5461 pos 0.7157559 0.4335216
171.585 pos 0.7439497 0.4722103
171.6186 pos 0.7609798 0.5055718
171.652 pos 0.7609799 0.5222893
171.6929 pos 0.7609798 0.5501716
171.7266 pos 0.7723846 0.567047
171.7598 pos 0.7838329 0.5783994
171.7987 pos 0.8010913 0.5955478
171.8323 pos 0.8126571 0.6014078
171.8659 pos 0.8242733 0.6073051
171.9052 pos 0.8242736 0.6129808
171.9396 pos 0.8301013 0.6131099
171.9727 pos 0.8301013 0.6131099
172.0136 pos 0.8301013 0.6131099
172.049 pos 0.8301013 0.6131099
172.0894 pos 0.8301013 0.6131099
172.1228 pos 0.8301013 0.6131099
172.1564 pos 0.8301013 0.6131099
172.1957 pos 0.8301013 0.6131099
172.2324 pos 0.8301013 0.6131099
172.267 pos 0.8301013 0.6131099
172.3083 pos 0.8301013 0.6131099
172.3448 pos 0.8301013 0.6131099
172.3776 pos 0.8301013 0.6131099
172.4179 pos 0.8301013 0.6131099
172.4516 pos 0.8301013 0.6131099
172.4856 pos 0.8301013 0.6131099
172.5246 pos 0.8301013 0.6074277
172.5611 pos 0.8184588 0.5788954
172.5944 pos 0.806868 0.544947
172.6331 pos 0.7953266 0.5224195
172.6666 pos 0.778103 0.4944124
172.7009 pos 0.7723843 0.4664994
172.7407 pos 0.7666765 0.4441956
172.7739 pos 0.7552927 0.4275546
172.8067 pos 0.749616 0.4108657
172.8463 pos 0.7382921 0.3998512
172.879 pos 0.7382921 0.3998512
172.912 pos 0.7326444 0.3999335
172.9507 pos 0.7101429 0.4002423
172.9838 pos 0.6544332 0.4339922
173.0163 pos 0.5828716 0.4781332
173.0558 pos 0.5227574 0.4890896
173.0888 pos 0.4791188 0.5054549
173.1219 pos 0.435428 0.5273114
173.1616 pos 0.3805792 0.5493363
173.1959 pos 0.3363784 0.5660685
173.2363 pos 0.2973752 0.5774512
173.2732 pos 0.2805434 0.5887454
173.3068 pos 0.2749141 0.5888143
173.3454 pos 0.2692777 0.5888849
173.381 pos 0.2636304 0.5889575
173.4157 pos 0.2636285 0.5889575
173.4565 pos 0.2636285 0.5889575
173.4909 pos 0.2636285 0.5945373
173.5239 pos 0.2636285 0.5945373
173.5625 pos 0.2636285 0.5945373
173.5967 pos 0.2636285 0.5945373
173.6315 pos 0.2636285 0.5945373
173.6734 pos 0.2636285 0.5945373
173.7092 pos 0.2692727 0.5944602
173.7438 pos 0.2692696 0.5944602
173.7831 pos 0.2692696 0.5944602
173.8163 pos 0.2692696 0.5944602
173.8498 pos 0.2692696 0.5944602
173.8876 pos 0.2861475 0.5942406
173.9218 pos 0.2861463 0.5942407
173.957 pos 0.3419007 0.5439987
173.9968 pos 0.3860517 0.5109538
174.0301 pos 0.4189743 0.4836022
174.0651 pos 0.4627059 0.4508655
174.105 pos 0.511803 0.4235433
174.1395 pos 0.5554722 0.3960307
174.1783 pos 0.5883072 0.3793387
174.2109 pos 0.6157608 0.3625169
174.2443 pos 0.6322845 0.3567851
174.2839 pos 0.6378024 0.3511564
174.3186 pos 0.6378024 0.3511564
174.3531 pos 0.6378024 0.3511564
174.3934 pos 0.6599289 0.3897477
174.4291 pos 0.6988974 0.4502695
174.4627 pos 0.7269604 0.488913
174.5009 pos 0.7723381 0.5223306
174.5361 pos 0.81261 0.5449953
174.5712 pos 0.8476189 0.5736737
174.6109 pos 0.8593996 0.5852485
174.6457 pos 0.8593994 0.5909497
174.6803 pos 0.8535016 0.5908366
174.7203 pos 0.8535016 0.5908366
174.7552 pos 0.8068206 0.561824
174.7891 pos 0.7666301 0.5334687
174.8291 pos 0.7325985 0.4889041
174.8633 pos 0.72696 0.4722789
174.8984 pos 0.7157096 0.4501614
174.9383 pos 0.7157095 0.4390707
174.9715 pos 0.7100971 0.4280242
175.0055 pos 0.7100971 0.4224743
175.0441 pos 0.7044929 0.4225304
175.0773 pos 0.6933082 0.4115524
175.1157 pos 0.6821538 0.4061278
175.1496 pos 0.6710277 0.4062434
175.1826 pos 0.6543876 0.4008753
175.216 pos 0.6322836 0.3955529
175.2545 pos 0.6267708 0.3900782
175.2879 pos 0.6267708 0.3900782
175.321 pos 0.6267708 0.3900782
175.3607 pos 0.6267708 0.3900782
175.3935 pos 0.6267708 0.3900782
175.4265 pos 0.6267708 0.3900782
175.4609 gestureEnd phenomenon
176.4229 gestureStart
176.4229 pos 0.1717856 0.6017118
176.4414 pos 0.1776051 0.6015965
176.4749 pos 0.2065274 0.601052
176.5124 pos 0.2294512 0.600655
176.5466 pos 0.257868 0.6002058
176.5847 pos 0.2691636 0.6000405
176.6203 pos 0.2804248 0.5998834
176.6542 pos 0.297251 0.5996628
176.6932 pos 0.3583935 0.5990063
176.7292 pos 0.4298214 0.598532
176.7629 pos 0.5062498 0.5983783
176.8033 pos 0.5827284 0.5930942
176.8382 pos 0.6321848 0.593409
176.8715 pos 0.6653751 0.5937004
176.9134 pos 0.6987963 0.5940584
176.947 pos 0.7043923 0.5941246
176.9803 pos 0.7099961 0.5941927
177.0187 pos 0.7156084 0.5942627
177.0522 pos 0.7268585 0.5944084
177.0853 pos 0.7268585 0.5944084
177.1246 pos 0.7324967 0.5944841
177.1602 pos 0.7324967 0.5944841
177.1927 pos 0.7324967 0.5944841
177.2338 pos 0.7381442 0.5945618
177.2682 pos 0.7551441 0.5948063
177.301 pos 0.7779532 0.5839304
177.3405 pos 0.8125052 0.5731647
177.3739 pos 0.8299484 0.5620982
177.4079 pos 0.8533953 0.5396879
177.449 pos 0.8770752 0.5284891
177.4841 pos 0.9010053 0.5114561
177.5187 pos 0.9070293 0.5114723
177.5609 pos 0.9130703 0.5
177.5947 pos 0.9191288 0.5
177.634 pos 0.9191288 0.5
177.6693 pos 0.9191288 0.5
177.7035 pos 0.9191288 0.5
177.7442 pos 0.9130702 0.5
177.7558 gestureEnd will
178.7131 gestureStart
178.7131 pos 0.6598284 0.4008219
178.731 pos 0.6598285 0.4008219
178.7597 pos 0.6598287 0.4008219
178.7999 pos 0.6211644 0.4011617
178.8341 pos 0.5117043 0.4235433
178.8689 pos 0.4407536 0.4508322
178.9095 pos 0.4133858 0.4671891
178.9428 pos 0.3749282 0.4945185
178.9819 pos 0.3306816 0.5220181
179.0164 pos 0.3084075 0.5386369
179.0505 pos 0.2464987 0.5668433
179.0847 pos 0.2064871 0.5785326
179.126 pos 0.1775586 0.5902697
179.1586 pos 0.1717334 0.5903723
179.1981 pos 0.1717334 0.5903723
179.234 pos 0.1833669 0.5901691
179.2688 pos 0.2179686 0.5671564
179.3094 pos 0.2578272 0.5222245
179.3438 pos 0.3028083 0.4889565
179.3766 pos 0.336214 0.4669878
179.4171 pos 0.3693926 0.4396313
179.4516 pos 0.3968999 0.4177924
179.4852 pos 0.4078711 0.401356
179.5251 pos 0.4243042 0.3849307
179.559 pos 0.4352439 0.3739628
179.5922 pos 0.4407076 0.3739901
179.6316 pos 0.4407064 0.3739901
179.6658 pos 0.4407064 0.3739901
179.6995 pos 0.4078568 0.3958512
179.7398 pos 0.3858876 0.4177299
179.7734 pos 0.3638501 0.445101
179.8069 pos 0.3250733 0.5
179.8451 pos 0.2971751 0.5386904
179.8787 pos 0.2803437 0.5498651
179.9132 pos 0.2690774 0.5666181
179.9514 pos 0.2464373 0.6003807
179.9861 pos 0.2407534 0.6173031
180.0203 pos 0.2407534 0.6285469
180.0617 pos 0.2803338 0.6333935
180.095 pos 0.3139188 0.6272554
180.1292 pos 0.3194867 0.627174
180.1693 pos 0.3250484 0.6270952
180.2032 pos 0.3306051 0.6270188
180.2403 pos 0.3306028 0.6270189
180.2771 pos 0.3472355 0.6268048
180.3105 pos 0.3748439 0.6209631
180.3488 pos 0.3913457 0.6208152
180.3825 pos 0.3968369 0.6207705
180.4161 pos 0.3968357 0.6207705
180.454 pos 0.4023217 0.6207282
180.4872 pos 0.4023217 0.6207282
180.5208 pos 0.4023217 0.6207282
180.5568 gestureEnd never
182.9636 gestureStart
182.9636 pos 0.8473477 0.5964107
182.9821 pos 0.8473477 0.5964107
183.0116 pos 0.8414794 0.5962949
183.0457 pos 0.8181433 0.5788906
183.0848 pos 0.7549841 0.5445498
183.1194 pos 0.7154504 0.5221405
183.1554 pos 0.6485983 0.4890146
183.1955 pos 0.5935366 0.4617022
183.2301 pos 0.5333748 0.4399368
183.2639 pos 0.4951878 0.4235461
183.3038 pos 0.4515275 0.4125258
183.3375 pos 0.4187092 0.401415
183.3727 pos 0.4022606 0.4013225
183.4111 pos 0.3857782 0.3901835
183.444 pos 0.3802736 0.3901386
183.483 pos 0.3637374 0.3844607
183.5175 pos 0.3637362 0.3789256
183.5517 pos 0.3637362 0.3789256
183.5904 pos 0.3637362 0.3789256
183.6246 pos 0.3637362 0.3789256
183.6597 pos 0.3637362 0.3789256
183.6978 pos 0.3637362 0.3789256
183.7323 pos 0.3637362 0.3789256
183.7655 pos 0.3637362 0.3789256
183.8033 pos 0.3637362 0.3789256
183.8375 pos 0.3637362 0.3789256
183.8711 pos 0.3637362 0.3789256
183.9103 pos 0.3747626 0.3900916
183.9455 pos 0.4022498 0.4178205
183.9776 pos 0.4515084 0.4563162
184.017 pos 0.5060734 0.4945457
184.0517 pos 0.5606624 0.5218445
184.0855 pos 0.5990002 0.554747
184.1238 pos 0.6154832 0.5657887
184.1579 pos 0.6154832 0.5712824
184.191 pos 0.6154832 0.5712824
184.2297 pos 0.6209862 0.5768105
184.263 pos 0.6209862 0.5823122
184.2958 pos 0.6209862 0.5823122
184.3346 pos 0.6209862 0.587817
184.3676 pos 0.6209862 0.587817
184.4004 pos 0.6099847 0.5877462
184.4388 pos 0.5716013 0.5875518
184.4717 pos 0.5115277 0.5874122
184.5042 pos 0.4897087 0.5874114
184.5441 pos 0.4678817 0.5874373
184.577 pos 0.4351017 0.5875262
184.6104 pos 0.4132007 0.5876189
184.6483 pos 0.4022306 0.5876755
184.6839 pos 0.3912448 0.5877387
184.7178 pos 0.3857433 0.5877728
184.7586 pos 0.3747307 0.5878463
184.7917 pos 0.3747283 0.5878463
184.8255 pos 0.3747283 0.5878463
184.8641 pos 0.3692149 0.5878856
184.8969 pos 0.3692149 0.5878856
184.9297 pos 0.3692149 0.5878856
184.9694 pos 0.3692149 0.5878856
185.0031 gestureEnd occur
186.331 gestureStart
186.331 pos 1.057235 0.5897014
186.3499 pos 1.057235 0.5897014
186.3801 pos 1.057235 0.5897014
186.4201 pos 1.057235 0.5897014
