7.617306 session normal_0.8_1
7.617306 phrase the sun rises in the east
8.990928 gestureStart
8.990928 pos 0.4561215 0.5765004
9.009373 pos 0.4724936 0.5764718
9.037434 pos 0.4997648 0.5764533
9.079865 pos 0.5816925 0.5382724
9.114647 pos 0.614621 0.5273895
9.148954 pos 0.6311418 0.5219386
9.18918 pos 0.6311418 0.5219386
9.222714 pos 0.6256301 0.5219287
9.25688 pos 0.6036295 0.510946
9.296464 pos 0.5543398 0.5
9.330298 pos 0.5052183 0.4945458
9.363981 pos 0.4287804 0.5
9.404972 pos 0.3073599 0.5331188
9.438701 pos 0.2511068 0.5500767
9.472185 pos 0.2226233 0.5615023
9.512286 pos 0.1996388 0.5730006
9.544659 pos 0.1880718 0.5844417
9.584594 pos 0.1880686 0.590089
9.618495 pos 0.1938558 0.5956365
9.652656 pos 0.1996267 0.5955353
9.693793 pos 0.2053876 0.6010727
9.728352 pos 0.2053845 0.6010727
9.763764 pos 0.2053845 0.6010727
9.786086 gestureEnd threw
10.75828 gestureStart
10.75828 pos 0.2848694 0.6669851
10.77679 pos 0.2904788 0.6668614
10.80534 pos 0.2904775 0.6668614
10.84618 select the
11.52626 gestureStart
11.52626 pos 0.1821202 0.5056278
11.54571 pos 0.1821202 0.5056278
11.58291 pos 0.1937072 0.5056155
11.61703 pos 0.2338893 0.5278863
11.65034 pos 0.3571758 0.5714419
11.69169 pos 0.4668654 0.5984117
11.72708 pos 0.5377876 0.6094108
11.7601 pos 0.5705758 0.6150418
11.80048 pos 0.5815246 0.6151029
11.83414 pos 0.5870034 0.6151367
11.8673 pos 0.5924856 0.6151728
11.90758 pos 0.5979714 0.6152111
11.94127 pos 0.6089545 0.6152944
11.97495 pos 0.6199543 0.6153865
12.01578 pos 0.6254611 0.615436
12.04956 pos 0.642011 0.6155977
12.08296 pos 0.6530713 0.6157168
12.12355 pos 0.6641553 0.6158451
12.15835 pos 0.6641552 0.588159
12.19246 pos 0.6586102 0.5550138
12.23332 pos 0.6530712 0.5
12.26669 pos 0.6475381 0.4725356
12.3009 pos 0.6475381 0.445045
12.3434 pos 0.6475379 0.4285271
12.37776 pos 0.6475378 0.4285272
12.41996 pos 0.6475377 0.4285272
12.4542 pos 0.6475376 0.4285272
12.48747 pos 0.6475376 0.4285272
12.52844 pos 0.6475376 0.4285272
12.56194 pos 0.6475376 0.4285272
12.59491 pos 0.6475376 0.4285272
12.60639 gestureEnd sun
13.56258 gestureStart
13.56258 pos 0.3791866 0.5823111
13.58252 pos 0.4066551 0.5931497
13.61237 pos 0.4777278 0.6038835
13.64794 pos 0.5869522 0.6096251
13.68969 pos 0.6585586 0.6157792
13.72377 pos 0.6863495 0.6161282
13.75974 pos 0.7143219 0.6165349
13.80102 pos 0.7255678 0.616714
13.83438 pos 0.7255678 0.616714
13.86929 pos 0.7255678 0.616714
13.91213 pos 0.7255678 0.616714
13.94662 pos 0.7031092 0.6107951
13.98803 pos 0.6419595 0.582456
14.02202 pos 0.5377364 0.5600691
14.05606 pos 0.4558924 0.5436781
14.09728 pos 0.395672 0.5273699
14.13215 pos 0.3515857 0.5109852
14.16698 pos 0.3127123 0.5
14.2071 pos 0.2734818 0.4889137
14.24186 pos 0.2338139 0.4832697
14.27582 pos 0.1994017 0.4775591
14.31796 pos 0.1994017 0.4775591
14.3518 pos 0.1994017 0.4775591
14.38474 pos 0.1994017 0.4775591
14.4273 pos 0.2109156 0.5
14.46054 pos 0.2223813 0.5279397
14.49422 pos 0.2280962 0.5614459
14.53426 pos 0.228093 0.5670417
14.56829 pos 0.228093 0.5670417
14.60285 pos 0.228093 0.5670417
14.6444 pos 0.228093 0.5670417
14.67892 pos 0.228093 0.5670417
14.72077 pos 0.228093 0.5670417
14.75523 pos 0.228093 0.5670417
14.78997 pos 0.228093 0.5670417
14.83246 pos 0.2280931 0.5558525
14.86596 pos 0.2051511 0.5168124
14.90021 pos 0.199384 0.5112196
14.94305 pos 0.199384 0.5112196
14.97753 pos 0.199384 0.5112196
15.01206 pos 0.199384 0.5112196
15.05184 pos 0.199384 0.5112196
15.08552 pos 0.199384 0.5112196
15.09716 gestureEnd rises
15.95342 gestureStart
15.95342 pos 0.7424375 0.6058025
15.98059 pos 0.7424375 0.6058025
16.01116 pos 0.7424377 0.5946221
16.04533 pos 0.7255016 0.5388075
16.08885 pos 0.7142558 0.483398
16.12287 pos 0.7142558 0.477863
16.15728 pos 0.7086455 0.4612807
16.19936 pos 0.6974492 0.4281398
16.23349 pos 0.6862839 0.4116262
16.26775 pos 0.6862838 0.4060831
16.31132 pos 0.6862838 0.4060831
16.34675 pos 0.6862838 0.4060831
16.38243 pos 0.6862838 0.4060831
16.4242 pos 0.6862838 0.4060831
16.45811 pos 0.6862838 0.4060831
16.49883 gestureEnd in
17.2142 gestureStart
17.2142 pos 0.4339416 0.5985144
17.24106 pos 0.4394094 0.5984926
17.26881 pos 0.4612585 0.5984244
17.30421 pos 0.5103544 0.5655119
17.34597 pos 0.5704242 0.5273184
17.38013 pos 0.6088024 0.5109498
17.41554 pos 0.6418582 0.5054892
17.45596 pos 0.6418582 0.5054892
17.49075 pos 0.6418582 0.5054892
17.52545 pos 0.6198021 0.5
17.56831 pos 0.5485576 0.4890832
17.6033 pos 0.4994458 0.4890914
17.63834 pos 0.4393998 0.5163826
17.67985 pos 0.3735675 0.5493632
17.71331 pos 0.3404101 0.5605292
17.74737 pos 0.3126098 0.5717733
17.78931 pos 0.2620922 0.5834001
17.82237 pos 0.2564318 0.5834702
17.8631 pos 0.2507623 0.583542
17.89633 pos 0.2507623 0.583542
17.9299 pos 0.2507623 0.583542
17.97036 pos 0.2507623 0.583542
18.0039 pos 0.2507623 0.583542
18.0319 gestureEnd the
18.72014 gestureStart
18.72014 pos 0.24506 0.6004024
18.73978 pos 0.24506 0.6004024
18.76772 pos 0.24506 0.6004024
18.80996 pos 0.22225 0.5783179
18.84501 pos 0.1992611 0.5617551
18.87914 pos 0.1644121 0.5338915
18.92134 pos 0.129069 0.5170686
18.95497 pos 0.1111904 0.5057119
18.98855 pos 0.1051995 0.5
19.02885 pos 0.09919062 0.4942723
19.06234 pos 0.09919062 0.4942723
19.09628 pos 0.1231175 0.4943033
19.1365 pos 0.1585428 0.505654
19.17077 pos 0.1876785 0.5112439
19.20612 pos 0.2050032 0.5112082
19.247 pos 0.2222232 0.5111747
19.28122 pos 0.2279388 0.5111639
19.32274 pos 0.2336431 0.5111535
19.35592 pos 0.2336419 0.5111535
19.38958 pos 0.2336419 0.5111535
19.43225 pos 0.2506984 0.5166857
19.46588 pos 0.290165 0.5387253
19.49889 pos 0.3514019 0.5714799
19.53913 pos 0.3954836 0.5987204
19.57199 pos 0.4009705 0.5986854
19.60454 pos 0.4119363 0.6041244
19.64593 pos 0.417412 0.6040934
19.68015 pos 0.4228845 0.6040645
19.7137 pos 0.4283546 0.6095403
19.75483 pos 0.4338214 0.609514
19.78935 pos 0.4338214 0.609514
19.82231 pos 0.4338214 0.609514
19.84691 gestureEnd east
20.83403 gestureStart
20.83403 pos -0.2153933 0.3359055
20.85343 pos -0.2153933 0.3359055
20.88286 pos -0.2153933 0.3359055
23.95974 phrase the assignment is due today
27.86712 gestureStart
27.86712 pos 0.4225578 0.5875761
27.89198 pos 0.4280299 0.5875533
27.92328 pos 0.4389667 0.5875126
27.9578 pos 0.4608158 0.5874514
27.99818 pos 0.4717309 0.5819502
28.03113 pos 0.4826393 0.5819372
28.06618 pos 0.4989994 0.5764533
28.10868 pos 0.5153624 0.5600463
28.14352 pos 0.5317309 0.543665
28.17809 pos 0.5371892 0.5218285
28.22102 pos 0.5535734 0.5
28.25564 pos 0.5590386 0.5
28.2901 pos 0.5590386 0.5
28.33099 pos 0.5645061 0.5
28.36601 pos 0.5645061 0.5
28.40604 pos 0.5645061 0.5
28.44107 pos 0.5645061 0.5
28.47421 pos 0.5590386 0.5
28.51416 pos 0.5208176 0.494545
28.54712 pos 0.4826351 0.4945453
28.58014 pos 0.449881 0.4945414
28.62067 pos 0.4006094 0.510943
28.65404 pos 0.3620815 0.5164627
28.68884 pos 0.3344046 0.5220094
28.72876 pos 0.2729154 0.5332682
28.76206 pos 0.2275337 0.5390877
28.79518 pos 0.2103404 0.5392029
28.83682 pos 0.1988203 0.5392839
28.87211 pos 0.1988178 0.5392839
28.90611 pos 0.1988178 0.5392839
28.94743 pos 0.2045809 0.5448534
28.98119 pos 0.2160706 0.5503637
29.01487 pos 0.2217965 0.5503143
29.05524 pos 0.2217939 0.5559115
29.09022 pos 0.2275119 0.5558578
29.12624 pos 0.2275094 0.5614519
29.16823 pos 0.2275094 0.5614519
29.20331 pos 0.2275094 0.5614519
29.23783 pos 0.2275094 0.5614519
29.2779 pos 0.2275094 0.5614519
29.31097 pos 0.2275094 0.5614519
29.33337 gestureEnd threw
30.48408 gestureStart
30.48408 pos 0.09866934 0.6786705
30.50856 pos 0.09866934 0.6786705
30.53918 pos 0.09866934 0.6786705
30.56152 select the
31.21049 gestureStart
31.21049 pos 0.09860826 0.5114572
31.23868 pos 0.1046127 0.5114413
31.26735 pos 0.1165771 0.5114102
31.30103 pos 0.1403175 0.5113512
31.34269 pos 0.1696649 0.511283
31.37729 pos 0.1813054 0.5112575
31.41217 pos 0.1871041 0.5112451
31.45345 pos 0.1986671 0.5112211
31.48868 pos 0.2044317 0.5112094
31.52266 pos 0.2044293 0.5168146
31.56432 pos 0.2101796 0.5167974
31.59863 pos 0.210179 0.5167974
31.63187 pos 0.210179 0.5167974
31.67277 pos 0.210179 0.5167974
31.70741 pos 0.210179 0.5167974
31.74 pos 0.210179 0.5167974
31.78169 pos 0.210179 0.5167974
31.81671 pos 0.210179 0.5167974
31.85061 pos 0.210179 0.5167974
31.88979 pos 0.2216501 0.5167642
31.92329 pos 0.3008127 0.5220941
31.96548 pos 0.4660864 0.5218269
32.00109 pos 0.4933632 0.5218191
32.03456 pos 0.5315486 0.5272838
32.0751 pos 0.5643235 0.5327757
32.10727 pos 0.5917016 0.5382935
32.14083 pos 0.6136659 0.5438311
32.18153 pos 0.657818 0.5605184
32.2149 pos 0.696768 0.5773947
32.24827 pos 0.7191892 0.5887421
32.2905 pos 0.7191892 0.5887421
32.32547 pos 0.7191892 0.5887421
32.36084 pos 0.7191892 0.5887421
32.4016 pos 0.7248154 0.5888109
32.43507 pos 0.7248154 0.5943815
32.46923 pos 0.7304505 0.5944565
32.51109 pos 0.7304505 0.5944565
32.54553 pos 0.7304505 0.5944565
32.57896 pos 0.7304505 0.5944565
32.61933 pos 0.7191893 0.5887421
32.65383 pos 0.6689128 0.5550722
32.68699 pos 0.6301843 0.5383975
32.72767 pos 0.5971869 0.5218847
32.76121 pos 0.5752659 0.516393
32.80183 pos 0.5479278 0.5054582
32.83503 pos 0.5424665 0.5
32.86792 pos 0.5370068 0.4945434
32.90803 pos 0.5315486 0.4945441
32.94054 pos 0.5315486 0.4945441
32.97373 pos 0.5315486 0.4945441
33.01403 pos 0.5315486 0.4945441
33.04665 pos 0.5315486 0.4945441
33.07961 pos 0.5315486 0.4945441
33.11915 pos 0.5315487 0.4945441
33.15218 pos 0.5315487 0.4945441
33.18536 pos 0.5315487 0.4945441
33.22802 pos 0.5315487 0.4945441
33.2633 pos 0.5315487 0.4945441
33.29719 pos 0.5315487 0.4945441
33.33936 pos 0.5315487 0.4945441
33.37342 pos 0.5315487 0.4945441
33.40792 pos 0.5315488 0.4945441
33.44907 pos 0.5315488 0.4945441
33.48511 pos 0.547928 0.4890834
33.51758 pos 0.5697936 0.4617496
33.55872 pos 0.6026761 0.4232892
33.59063 pos 0.6246737 0.4011347
33.62467 pos 0.6301845 0.3900476
33.66573 pos 0.6522801 0.3898306
33.70079 pos 0.6689128 0.3729876
33.74236 pos 0.6689128 0.3729876
33.77491 pos 0.6689128 0.3729876
33.80986 pos 0.6689128 0.3729876
33.85106 pos 0.6856045 0.3727517
33.88494 pos 0.7023612 0.3724929
33.91814 pos 0.7079623 0.3724015
33.96063 pos 0.7135713 0.3778945
33.99475 pos 0.7248151 0.3777075
34.02886 pos 0.7304502 0.3832055
34.07229 pos 0.7304504 0.3832055
34.1069 pos 0.7248154 0.3832982
34.14192 pos 0.6800337 0.3895107
34.18366 pos 0.5917016 0.4233412
34.21786 pos 0.5479279 0.439914
34.25089 pos 0.4879079 0.4672661
34.29198 pos 0.4059154 0.5054696
34.32549 pos 0.3674177 0.5164552
34.3586 pos 0.3397698 0.5219973
34.39882 pos 0.2895951 0.5331929
34.43383 pos 0.2557821 0.5444762
34.47453 pos 0.2444365 0.5501286
34.50679 pos 0.2444365 0.5501286
34.53997 pos 0.2444365 0.5501286
34.58014 pos 0.2727239 0.5554709
34.61216 pos 0.2951895 0.5553039
34.64523 pos 0.3397553 0.5550228
34.68579 pos 0.3729129 0.5493658
34.71866 pos 0.4058926 0.532825
34.75153 pos 0.438742 0.5109217
34.7932 pos 0.4824198 0.4945453
34.82811 pos 0.5369729 0.472713
34.86265 pos 0.5697593 0.4562811
34.90368 pos 0.6026417 0.4397561
34.93894 pos 0.6246392 0.4341654
34.9719 pos 0.6467133 0.4175082
35.01312 pos 0.6633277 0.4063193
35.048 pos 0.6633278 0.4063193
35.0814 pos 0.6633278 0.4063193
35.12227 pos 0.6467134 0.4064713
35.15536 pos 0.6246392 0.4341654
35.1898 pos 0.5861857 0.4671899
35.22941 pos 0.5533569 0.5
35.2628 pos 0.5260575 0.5218235
35.29627 pos 0.5096915 0.5327334
35.33887 pos 0.4987831 0.538191
35.37354 pos 0.493328 0.5545769
35.40687 pos 0.4878709 0.5655128
35.44889 pos 0.4824121 0.5655162
35.48505 pos 0.4769539 0.5655208
35.52553 pos 0.4769539 0.5655208
35.5607 pos 0.4769539 0.5655208
35.57235 gestureEnd assignment
36.40844 gestureStart
36.40844 pos 0.7530307 0.5947751
36.42816 pos 0.7473581 0.5891035
36.46457 pos 0.7191368 0.5831788
36.50029 pos 0.630133 0.549378
36.53434 pos 0.5588052 0.5327686
36.57637 pos 0.4714905 0.5218245
36.61075 pos 0.4168276 0.5109327
36.6456 pos 0.34526 0.5054958
36.68851 pos 0.2783093 0.5055393
36.72296 pos 0.2443869 0.5
36.75795 pos 0.2272902 0.5
36.79898 pos 0.2158387 0.5
36.83437 pos 0.2100954 0.494401
36.87057 pos 0.2100954 0.494401
36.9113 pos 0.2100954 0.494401
36.94561 pos 0.2100954 0.494401
36.98011 pos 0.2100954 0.494401
36.99885 gestureEnd is
38.07479 gestureStart
38.07479 pos 0.2950432 0.494473
38.09266 pos 0.3006379 0.5
38.12189 pos 0.3062248 0.5
38.1637 pos 0.3727641 0.5383883
38.19807 pos 0.4385974 0.5655887
38.23459 pos 0.4822762 0.5874172
38.27366 pos 0.5368289 0.5984198
38.30886 pos 0.6024969 0.5987073
38.34933 pos 0.6244938 0.6043808
38.38402 pos 0.6355202 0.6100017
38.41896 pos 0.6410412 0.6100548
38.45941 pos 0.6465675 0.61011
38.49368 pos 0.6410412 0.6100548
38.52733 pos 0.6244938 0.6099018
38.56882 pos 0.5696149 0.5985296
38.60262 pos 0.4877302 0.5983819
38.63619 pos 0.4112205 0.5986249
38.67733 pos 0.3782583 0.5988426
38.7112 pos 0.3340413 0.5992404
38.74454 pos 0.3006134 0.5996208
38.7851 pos 0.278174 0.6054898
38.8197 pos 0.2499274 0.6059251
38.8537 pos 0.2442491 0.6004151
38.89429 pos 0.2385593 0.6005058
38.9281 pos 0.2385574 0.6005058
38.96057 pos 0.2385574 0.6005058
39.00346 pos 0.2385574 0.6005058
39.03135 gestureEnd due
39.97577 gestureStart
39.97577 pos 0.4657863 0.598414
39.99374 pos 0.4712401 0.5984032
40.02954 pos 0.4930598 0.6038686
40.06402 pos 0.536703 0.609408
40.09641 pos 0.6133599 0.6098096
40.13858 pos 0.7188761 0.6110247
40.17338 pos 0.7584497 0.6116739
40.20808 pos 0.7698452 0.6118801
40.24954 pos 0.7985263 0.618089
40.2841 pos 0.8042974 0.6182132
40.31911 pos 0.815877 0.6241449
40.36164 pos 0.8275076 0.624424
40.39526 pos 0.8333431 0.6245676
40.42862 pos 0.8333431 0.6245676
40.47197 pos 0.8275076 0.624424
40.50663 pos 0.8100806 0.6126754
40.54803 pos 0.7414321 0.5834435
40.58163 pos 0.6797228 0.5606592
40.61687 pos 0.6078621 0.5438132
40.65878 pos 0.5257869 0.5272809
40.69363 pos 0.4493963 0.5163768
40.72755 pos 0.4056097 0.51641
40.76855 pos 0.3671085 0.5109701
40.80369 pos 0.3394578 0.5109982
40.83942 pos 0.3172264 0.5110245
40.88075 pos 0.3060679 0.5110391
40.91555 pos 0.2948792 0.5110545
40.95097 pos 0.2384268 0.5055723
40.99248 pos 0.1634451 0.5056484
41.02608 pos 0.1221432 0.5056979
41.06073 pos 0.10421 0.505721
41.10066 pos 0.09217072 0.5057371
41.13377 pos 0.09216933 0.5057371
41.16763 pos 0.1101947 0.5057132
41.2091 pos 0.1692702 0.5225696
41.24318 pos 0.2610958 0.5388822
41.27693 pos 0.3670712 0.5493895
41.31829 pos 0.4110497 0.5601936
41.35306 pos 0.4548092 0.560081
41.39544 pos 0.5039133 0.5709805
41.42991 pos 0.5421082 0.5710204
41.46277 pos 0.5639647 0.571073
41.50528 pos 0.5639647 0.5765533
41.53933 pos 0.5639647 0.5765533
41.57237 pos 0.5639647 0.5765533
41.61517 pos 0.5639647 0.5765533
41.6498 pos 0.5639647 0.5765533
41.68415 pos 0.5639647 0.5765533
41.72561 pos 0.5639647 0.5765533
41.76025 gestureEnd today
42.63167 gestureStart
42.63167 pos -0.2238333 0.3290381
42.6571 pos -0.2238333 0.3290381
42.68702 pos -0.2238333 0.3290381
51.02891 session normal_0.8_1
51.02891 phrase just in time for the party
74.74358 gestureStart
74.74358 pos 0.7015862 0.4944753
74.76167 pos 0.7015862 0.4944753
74.79912 pos 0.6959941 0.4944791
74.8339 pos 0.6625942 0.5330081
74.86844 pos 0.6404564 0.5714268
74.90878 pos 0.6294209 0.5878758
74.94396 pos 0.6294209 0.5878758
74.97911 pos 0.6294209 0.5878758
75.01986 pos 0.6239107 0.5878369
75.05398 pos 0.6184053 0.5877998
75.08857 pos 0.5745078 0.5711061
75.12982 pos 0.4598671 0.5382106
75.16284 pos 0.3831807 0.5219139
75.20433 pos 0.3390003 0.5164986
75.23907 pos 0.3056094 0.5110397
75.27309 pos 0.2775758 0.5055398
75.31485 pos 0.2322576 0.5
75.34812 pos 0.2150927 0.5
75.38119 pos 0.2093454 0.5
75.4238 pos 0.2093454 0.5
75.45672 pos 0.2093454 0.5
75.4899 pos 0.2265377 0.5
75.53114 pos 0.283182 0.5166077
75.56599 pos 0.3555808 0.5494393
75.59977 pos 0.4051212 0.5711843
75.63999 pos 0.4489049 0.6039537
75.67507 pos 0.4652835 0.609403
75.70867 pos 0.4707397 0.6093907
75.75026 pos 0.4761924 0.6148797
75.78408 pos 0.4761913 0.6148797
75.81725 pos 0.4761913 0.6148797
75.85847 pos 0.4816436 0.6148712
75.89321 gestureEnd just
76.80413 gestureStart
76.80413 pos 0.7807502 0.5952052
76.82188 pos 0.7807502 0.5952052
76.85153 pos 0.7807502 0.5952052
76.89326 pos 0.7750265 0.5726779
76.9278 pos 0.7465677 0.5055593
76.96124 pos 0.7296113 0.46117
77.0039 pos 0.7183527 0.4501437
77.03903 pos 0.7183527 0.4501437
77.0731 pos 0.7127364 0.444639
77.11446 pos 0.7015284 0.4336443
77.14814 pos 0.6959365 0.4281531
77.1823 pos 0.6959366 0.4281531
77.2232 pos 0.6959368 0.4281531
77.25681 pos 0.6959369 0.4281531
77.29729 pos 0.6847755 0.4227159
77.33051 pos 0.6792058 0.417233
77.36433 pos 0.6792058 0.417233
77.4044 pos 0.6792058 0.417233
77.43795 pos 0.6792058 0.417233
77.47224 pos 0.6792058 0.417233
77.51511 gestureEnd on
79.17505 gestureStart
79.17505 pos 0.6569512 0.6826645
79.19458 pos 0.6569512 0.6826645
79.22324 pos 0.6569512 0.6826645
79.23568 select in
79.97367 gestureStart
79.97367 pos 0.4542899 0.6039364
79.99258 pos 0.4652089 0.6039072
80.02937 pos 0.5252147 0.6038881
80.06243 pos 0.5963051 0.6096849
80.09601 pos 0.6624709 0.6102808
80.13692 pos 0.7070616 0.6108511
80.1711 pos 0.7408386 0.6169713
80.20525 pos 0.7521712 0.6171728
80.24908 pos 0.7578524 0.6172771
80.28214 pos 0.7578524 0.6172771
80.31567 pos 0.7578524 0.6116633
80.35628 pos 0.7578523 0.5613059
80.38938 pos 0.7578521 0.5
80.42341 pos 0.7578521 0.4665784
80.46473 pos 0.757852 0.433111
80.49807 pos 0.7578519 0.4163457
80.53228 pos 0.757852 0.3827228
80.57244 pos 0.7635434 0.3769926
80.60634 pos 0.7635434 0.3769926
80.64642 pos 0.7635434 0.3713645
80.68002 pos 0.7521707 0.3715959
80.71314 pos 0.6958693 0.4059755
80.75333 pos 0.6348128 0.4286082
80.7867 pos 0.5853385 0.4562474
80.81998 pos 0.5470495 0.4781657
80.86201 pos 0.4924856 0.5
80.89565 pos 0.4488225 0.5163771
80.93027 pos 0.3830592 0.5438415
80.97195 pos 0.355486 0.565946
81.00584 pos 0.3333279 0.5826544
81.03978 pos 0.3110676 0.5884013
81.08086 pos 0.2998922 0.5885214
81.11556 pos 0.2998902 0.5885215
81.15038 pos 0.2998902 0.5885215
81.19253 pos 0.2942897 0.5885842
81.22634 pos 0.2942897 0.5885842
81.26168 pos 0.2942897 0.5885842
81.30304 pos 0.2886817 0.5886487
81.33758 pos 0.288681 0.5886487
81.37757 pos 0.288681 0.5886487
81.41438 pos 0.288681 0.5886487
81.44843 pos 0.288681 0.5886487
81.49017 pos 0.288681 0.5886487
81.50874 gestureEnd time
82.29459 gestureStart
82.29459 pos 0.3940015 0.4945262
82.32108 pos 0.3994907 0.4945282
82.35029 pos 0.4378303 0.5054609
82.38551 pos 0.5251492 0.5109107
82.42054 pos 0.6568612 0.527489
82.46297 pos 0.7464322 0.5444911
82.49773 pos 0.786348 0.5503848
82.5407 pos 0.8268263 0.5620601
82.5752 pos 0.8385074 0.5678693
82.61005 pos 0.8679568 0.5796968
82.65154 pos 0.8679568 0.5796968
82.68417 pos 0.8679568 0.5796968
82.71766 pos 0.8679568 0.5796968
82.75758 pos 0.8620375 0.5795953
82.79078 pos 0.8502436 0.5793977
82.82392 pos 0.8210057 0.5732833
82.86546 pos 0.752103 0.5724093
82.90045 pos 0.6735094 0.5716606
82.93394 pos 0.623722 0.571327
82.97491 pos 0.5797952 0.565643
83.00884 pos 0.5469842 0.5600842
83.05151 pos 0.5251489 0.5600539
83.08477 pos 0.5033289 0.560042
83.11893 pos 0.4869624 0.5600451
83.16014 pos 0.4869589 0.5600451
83.19689 pos 0.4869589 0.5600451
83.22957 pos 0.4869589 0.5600451
83.27187 pos 0.4869589 0.5600451
83.30747 pos 0.4869589 0.5600451
83.34197 pos 0.4869589 0.5600451
83.38199 pos 0.4869589 0.5600451
83.41577 pos 0.4705888 0.5600584
83.45037 pos 0.4378147 0.5655907
83.49168 pos 0.4213987 0.5711203
83.52664 pos 0.4049545 0.571185
83.55941 pos 0.3994667 0.5712093
83.60182 pos 0.3939714 0.571235
83.63528 pos 0.3884727 0.5712621
83.66851 pos 0.3884727 0.5712621
83.70853 pos 0.3884727 0.5712621
83.74157 pos 0.3884727 0.5712621
83.77612 pos 0.3884727 0.5712621
83.80461 gestureEnd for
84.52238 gestureStart
84.52238 pos 0.4487037 0.5874821
84.54169 pos 0.4596243 0.5874541
84.56967 pos 0.4814505 0.5874181
84.60412 pos 0.5305437 0.5545924
84.6455 pos 0.574258 0.5163922
84.67971 pos 0.5961766 0.5
84.71316 pos 0.6126534 0.4945237
84.75531 pos 0.6126534 0.4945237
84.79028 pos 0.6126534 0.4945237
84.82493 pos 0.607157 0.4890514
84.86735 pos 0.5414611 0.4836276
84.90105 pos 0.4705358 0.4945443
84.94205 pos 0.4268236 0.5109272
84.97561 pos 0.38843 0.5328625
85.00858 pos 0.3608808 0.5494158
85.05044 pos 0.3387446 0.5660526
85.08454 pos 0.3220769 0.56617
85.11861 pos 0.3109311 0.5662549
85.16093 pos 0.2885516 0.5719885
85.19507 pos 0.2660397 0.5777809
85.22896 pos 0.2603858 0.583421
85.27107 pos 0.2547237 0.5834917
85.30466 pos 0.2547237 0.5834917
85.33846 pos 0.2603827 0.583421
85.37334 gestureEnd the
86.30319 gestureStart
86.30319 pos 0.9462603 0.6161211
86.32296 pos 0.9401206 0.6101172
86.35222 pos 0.9036664 0.6033795
86.38658 pos 0.8034921 0.5786744
86.42744 pos 0.6401433 0.5439244
86.46112 pos 0.5523245 0.5382243
86.49519 pos 0.4759324 0.5327384
86.5355 pos 0.3938658 0.5328501
86.5692 pos 0.3275849 0.5275333
86.60301 pos 0.2659885 0.5277489
86.6451 pos 0.2319385 0.5223148
86.67857 pos 0.2032716 0.5224251
86.71202 pos 0.1859295 0.516872
86.75182 pos 0.1743056 0.5169097
86.78563 pos 0.1508958 0.5169895
86.81923 pos 0.1391032 0.5170317
86.85992 pos 0.1093632 0.5114288
86.89307 pos 0.09735389 0.5114605
86.92709 pos 0.09735069 0.5114605
86.96781 pos 0.139091 0.52271
87.0013 pos 0.2147453 0.5615853
87.04219 pos 0.3108415 0.5994971
87.07516 pos 0.3441887 0.6046708
87.10928 pos 0.3718108 0.6099344
87.14963 pos 0.3938159 0.6207948
87.18372 pos 0.3938159 0.6207948
87.21645 pos 0.3938159 0.6207948
87.25838 pos 0.3938159 0.6207948
87.29266 pos 0.3993071 0.6207511
87.3256 pos 0.4102751 0.620671
87.36647 pos 0.4540398 0.6259534
87.40115 pos 0.4813271 0.6258824
87.43424 pos 0.4922324 0.6258708
87.47432 pos 0.4976828 0.6258686
87.50738 pos 0.4976792 0.6258686
87.54005 pos 0.5085873 0.6258713
87.58204 pos 0.5358678 0.6259202
87.61701 pos 0.5577155 0.6260024
87.65189 pos 0.5631824 0.631548
87.69469 pos 0.5686518 0.6315783
87.72844 pos 0.5686518 0.6315783
87.77027 pos 0.5686519 0.6315783
87.8043 pos 0.5686519 0.6315783
87.83841 pos 0.5686519 0.6315783
87.882 gestureEnd party
89.6529 gestureStart
89.6529 pos -0.2618302 0.3202606
89.67211 pos -0.2618302 0.3202606
89.7025 pos -0.2618302 0.3202606
98.64338 phrase rain rain go away
99.83444 gestureStart
99.83444 pos 0.3327 0.5937193
99.85395 pos 0.3327 0.5937193
99.88206 pos 0.3327 0.5937193
99.92385 pos 0.2936639 0.5663962
99.95771 pos 0.2371915 0.533448
99.99274 pos 0.2085776 0.5168022
100.0332 pos 0.1621739 0.4887
100.0683 pos 0.1327296 0.4715719
100.1109 pos 0.1267953 0.4715351
100.1444 pos 0.1267953 0.4715351
100.1779 pos 0.1267953 0.4715351
100.2182 pos 0.1267953 0.4715351
100.2516 pos 0.1445469 0.4716435
100.2844 pos 0.2085669 0.4887988
100.3245 pos 0.3437722 0.5109934
100.3579 pos 0.4372429 0.5273094
100.3914 pos 0.5027415 0.543651
100.433 pos 0.5846829 0.5601794
100.4675 pos 0.6451972 0.5769673
100.5019 pos 0.6673552 0.5881884
100.5422 pos 0.6840411 0.5938925
100.5764 pos 0.6952006 0.5940168
100.6126 pos 0.7119974 0.5997819
100.6528 pos 0.7176124 0.5998567
100.6866 pos 0.7232361 0.5999336
100.7195 pos 0.7288687 0.6000125
100.7619 pos 0.7288687 0.6000125
100.7951 pos 0.7119971 0.5331998
100.8287 pos 0.6896169 0.4889666
100.8693 pos 0.678472 0.4559063
100.9027 pos 0.6729102 0.4338664
100.9354 pos 0.6673549 0.4118115
100.9763 pos 0.661806 0.3952664
101.0107 pos 0.6507272 0.3732198
101.0518 pos 0.6507271 0.3732198
101.0848 pos 0.650727 0.3732198
101.1178 pos 0.6507269 0.3732198
101.1584 pos 0.6507269 0.3732198
101.1925 pos 0.6507269 0.3732198
101.222 gestureEnd rain
102.4105 gestureStart
102.4105 pos 0.2879962 0.599782
102.4301 pos 0.2879962 0.599782
102.4589 pos 0.2711232 0.5888616
102.4935 pos 0.2257161 0.5558746
102.5343 pos 0.185413 0.5224991
102.5685 pos 0.1796048 0.5225241
102.6033 pos 0.1737855 0.5169114
102.6442 pos 0.1444845 0.5
102.6789 pos 0.1088345 0.4828541
102.7215 pos 0.0847456 0.4712592
102.7572 pos 0.0847456 0.4712592
102.7918 pos 0.0847456 0.4712592
102.8334 pos 0.1028345 0.4713812
102.8676 pos 0.1795908 0.4943694
102.9012 pos 0.2598055 0.5222179
102.9417 pos 0.3492363 0.5494685
102.9753 pos 0.459027 0.5710182
103.0083 pos 0.5299487 0.5929177
103.0497 pos 0.6065582 0.6207978
103.0844 pos 0.656194 0.6379618
103.1176 pos 0.6839706 0.649541
103.1583 pos 0.7231652 0.6559075
103.1918 pos 0.76849 0.6683189
103.2258 pos 0.7799232 0.6686414
103.2681 pos 0.7799232 0.6743309
103.3017 pos 0.7742012 0.6458058
103.3354 pos 0.7514195 0.5779844
103.3758 pos 0.723165 0.4944595
103.4111 pos 0.7119263 0.4668005
103.4453 pos 0.7119262 0.444645
103.4863 pos 0.7007207 0.4170211
103.52 pos 0.6951298 0.4004314
103.5623 pos 0.6895465 0.4004982
103.5977 pos 0.6839705 0.389461
103.6307 pos 0.6784016 0.3895309
103.6712 pos 0.6784016 0.3895309
103.7052 pos 0.6784016 0.3895309
103.7399 gestureEnd reason
104.9719 gestureStart
104.9719 pos 0.3103116 0.6776873
104.9899 pos 0.3103116 0.6776873
105.0251 pos 0.3103116 0.6776873
105.0487 select rain
105.7313 gestureStart
105.7313 pos 0.491659 0.4836362
105.7572 pos 0.491659 0.4836362
105.7864 pos 0.5025656 0.4836365
105.82 pos 0.5243853 0.4836334
105.8542 pos 0.5735543 0.4945363
105.8951 pos 0.6505494 0.5109873
105.9294 pos 0.7230551 0.5166218
105.9704 pos 0.8028133 0.5336791
106.0032 pos 0.8553078 0.5453801
106.0362 pos 0.8612101 0.5454369
106.0771 pos 0.8671271 0.551187
106.111 pos 0.8671269 0.551187
106.1455 pos 0.8730592 0.5512532
106.1871 pos 0.8730592 0.5512532
106.2213 pos 0.8730592 0.5512532
106.2549 pos 0.8730592 0.5512532
106.2958 pos 0.8730592 0.5512532
106.3284 pos 0.8730592 0.5512532
106.3619 pos 0.8730592 0.5512532
106.4026 pos 0.8730592 0.5512532
106.42 gestureEnd go
107.4438 gestureStart
107.4438 pos 0.07848258 0.4827312
107.4629 pos 0.08454504 0.4827564
107.492 pos 0.09661903 0.4999999
107.5345 pos 0.1146074 0.5399649
107.5687 pos 0.1205678 0.5798978
107.6023 pos 0.1265156 0.5912267
107.643 pos 0.132448 0.5968235
107.677 pos 0.1383638 0.5967004
107.7117 pos 0.1442628 0.6022834
107.7529 pos 0.1442609 0.6022834
107.7864 pos 0.1442608 0.579489
107.8196 pos 0.1205554 0.5399117
107.8613 pos 0.1086067 0.4999999
107.8953 pos 0.1086067 0.4942846
107.9299 pos 0.1086067 0.4942846
107.9713 pos 0.1205515 0.4943
108.0048 pos 0.1560147 0.494343
108.0393 pos 0.2082784 0.4999999
108.0808 pos 0.2765173 0.5110815
108.1145 pos 0.3545576 0.5384486
108.1484 pos 0.3986178 0.5492738
108.1892 pos 0.4588158 0.5655452
108.2226 pos 0.4915517 0.576455
108.2578 pos 0.5133671 0.581934
108.2976 pos 0.5351925 0.5874431
108.3305 pos 0.5351925 0.5874431
108.3707 pos 0.5461124 0.5929542
108.4038 pos 0.5515749 0.5929701
108.4374 pos 0.5515749 0.5929701
108.4791 pos 0.5515749 0.5929701
108.5117 pos 0.5515749 0.5929701
108.5397 gestureEnd away
109.32 gestureStart
109.32 pos -0.2478001 0.3340405
109.3398 pos -0.2478001 0.3340405
109.3691 pos -0.2478001 0.3340405
113.0236 session normal_0.8_1
113.0236 phrase time to go shopping
114.1718 gestureStart
114.1718 pos 0.4476654 0.5929724
114.1913 pos 0.4585873 0.592942
114.2277 pos 0.5022318 0.5928912
114.2623 pos 0.5513481 0.5929694
114.2963 pos 0.61711 0.5932978
114.3364 pos 0.6612886 0.5936611
114.3717 pos 0.6890961 0.5939479
114.4052 pos 0.7170877 0.5998496
114.4465 pos 0.733983 0.6000857
114.4796 pos 0.7452923 0.6002533
114.5127 pos 0.7452921 0.6058479
114.5529 pos 0.7509609 0.5891527
114.5875 pos 0.7509609 0.4888737
114.6214 pos 0.7509609 0.4499073
114.6622 pos 0.7509609 0.4164357
114.6962 pos 0.7509608 0.4052553
114.7308 pos 0.7509608 0.3884568
114.7742 pos 0.7509607 0.3828491
114.8074 pos 0.7452916 0.3829505
114.8422 pos 0.7283416 0.3776469
114.884 pos 0.6612877 0.3841889
114.9183 pos 0.5677471 0.4234345
114.96 pos 0.4749564 0.4618013
114.9952 pos 0.3763812 0.5109617
115.0303 pos 0.3042992 0.5386561
115.0716 pos 0.2706229 0.5443797
115.1053 pos 0.2366221 0.5669481
115.1395 pos 0.2022438 0.5785924
115.1816 pos 0.1964701 0.5843101
115.2148 pos 0.1964689 0.5843101
115.2482 pos 0.1964689 0.5843101
115.289 pos 0.1964689 0.5843101
115.3235 pos 0.1964689 0.5843101
115.3583 pos 0.1964689 0.5843101
115.4008 pos 0.1906848 0.573121
115.4352 pos 0.1790825 0.5507053
115.4708 pos 0.1732608 0.539474
115.5128 pos 0.1732608 0.539474
115.5472 pos 0.1732608 0.539474
115.5884 pos 0.1732608 0.5338321
115.6241 pos 0.1732608 0.5338321
115.6586 pos 0.1732609 0.5281914
115.6987 pos 0.1732609 0.5281914
115.7318 pos 0.1732609 0.5281914
115.7668 pos 0.1732609 0.5281914
115.7725 gestureEnd timber
117.1666 gestureStart
117.1666 pos 0.2986411 0.6948736
117.1841 pos 0.2986411 0.6948736
117.2136 pos 0.2986411 0.6948736
117.2304 select time
117.933 gestureStart
117.933 pos 0.4420636 0.5875023
117.951 pos 0.4420636 0.5875023
117.9873 pos 0.4639079 0.5874449
118.0221 pos 0.5020953 0.5874085
118.0557 pos 0.5730824 0.5875577
118.0982 pos 0.6556081 0.593608
118.1332 pos 0.6778133 0.5938261
118.1676 pos 0.7225698 0.5999243
118.2093 pos 0.7793176 0.6008033
118.2428 pos 0.7965484 0.6067498
118.2766 pos 0.8138866 0.6070916
118.3184 pos 0.8371832 0.6132696
118.3525 pos 0.8666164 0.6139674
118.3875 pos 0.890434 0.6145713
118.4302 pos 0.8904341 0.6145713
118.464 pos 0.8904341 0.6145713
118.5055 pos 0.8904341 0.6145713
118.5413 pos 0.8904341 0.6145713
118.5636 gestureEnd to
119.5066 gestureStart
119.5066 pos 0.4911839 0.4836361
119.5251 pos 0.4911816 0.4836361
119.5609 pos 0.5020876 0.4836365
119.5959 pos 0.5293638 0.4890883
119.6291 pos 0.5676032 0.5054621
119.669 pos 0.6390103 0.5274432
119.7026 pos 0.7001211 0.549738
119.7363 pos 0.762179 0.5669351
119.7789 pos 0.8138782 0.5788267
119.8125 pos 0.8371749 0.5848575
119.8459 pos 0.8547912 0.5908611
119.8885 pos 0.8784852 0.5970558
119.9242 pos 0.89642 0.6032057
119.9587 pos 0.89642 0.6032057
120.0001 pos 0.89642 0.6032057
120.0351 pos 0.89642 0.6032057
120.0685 pos 0.89642 0.6032057
120.0935 gestureEnd go
120.9979 gestureStart
120.9979 pos 0.1962996 0.4831605
121.0249 pos 0.2135731 0.4832124
121.0531 pos 0.2647989 0.4888999
121.0885 pos 0.3264058 0.4944934
121.132 pos 0.4474666 0.4999999
121.1666 pos 0.4911267 0.4999999
121.2006 pos 0.5293109 0.5054556
121.2423 pos 0.5675503 0.5054621
121.275 pos 0.5894535 0.5054681
121.3086 pos 0.6059161 0.5054737
121.3494 pos 0.6224153 0.5054802
121.3832 pos 0.6224154 0.5054802
121.4172 pos 0.6114116 0.5054758
121.4581 pos 0.5511508 0.4890822
121.4912 pos 0.5074891 0.4727243
121.5242 pos 0.474759 0.4672609
121.5647 pos 0.4419919 0.4617679
121.5973 pos 0.4255801 0.4617414
121.6312 pos 0.4255789 0.4617414
121.6714 pos 0.4255789 0.4617414
121.7045 pos 0.4255789 0.4617414
121.7395 pos 0.4255789 0.4617414
121.781 pos 0.436518 0.4617597
121.8147 pos 0.4583718 0.4672494
121.8484 pos 0.5238373 0.4890894
121.8894 pos 0.5784788 0.5054649
121.9234 pos 0.6113944 0.5164282
121.9643 pos 0.661071 0.5385066
121.9993 pos 0.6944596 0.5497033
122.0335 pos 0.7337616 0.5722106
122.0736 pos 0.7964665 0.5898333
122.1073 pos 0.866532 0.6082402
122.1401 pos 0.9023539 0.6206624
122.1808 pos 0.9083818 0.626622
122.2163 pos 0.9144269 0.6268039
122.2507 pos 0.9265695 0.6329955
122.2929 pos 0.9572495 0.6340252
122.3263 pos 0.9634434 0.6342407
122.3613 pos 0.9696573 0.6344596
122.4024 pos 0.9696573 0.6344596
122.4375 pos 0.9634434 0.6283674
122.4726 pos 0.9510752 0.6279582
122.515 pos 0.9265693 0.6097484
122.55 pos 0.9083816 0.6092696
122.5917 pos 0.8547158 0.6022614
122.625 pos 0.8022335 0.6012118
122.6585 pos 0.7394111 0.6001652
122.6997 pos 0.711253 0.5997721
122.7332 pos 0.711253 0.5997721
122.7667 pos 0.6944593 0.5829147
122.8074 pos 0.6334205 0.5164563
122.8409 pos 0.5894362 0.4507618
122.874 pos 0.567533 0.4069734
122.9158 pos 0.5620642 0.396005
122.9505 pos 0.5565977 0.3960265
122.9845 pos 0.5511333 0.396046
123.0266 pos 0.523837 0.4016049
123.0608 pos 0.491109 0.4508861
123.0957 pos 0.4583653 0.4890853
123.1367 pos 0.4583635 0.4945427
123.1708 pos 0.4583635 0.4945427
123.2057 pos 0.4583635 0.4945427
123.2484 pos 0.4638214 0.4945435
123.2782 gestureEnd dog
124.5898 gestureStart
124.5898 pos 0.8843474 0.2635193
124.6093 pos 0.8843474 0.2635193
124.6385 pos 0.8843474 0.2635193
124.668 delete
125.8296 gestureStart
125.8296 pos 0.1903766 0.4943809
125.8491 pos 0.1961576 0.4943869
125.8787 pos 0.2476757 0.4999999
125.9124 pos 0.3373768 0.4999999
125.9542 pos 0.463717 0.4945434
125.9875 pos 0.518268 0.4945451
126.021 pos 0.5619506 0.494539
126.062 pos 0.5893223 0.4945318
126.0971 pos 0.594806 0.4999999
126.1328 pos 0.594806 0.4999999
126.1741 pos 0.594806 0.4999999
126.2086 pos 0.6002933 0.4999999
126.2421 pos 0.6002933 0.4999999
126.2826 pos 0.6167794 0.5054778
126.3167 pos 0.6443489 0.516472
126.3594 pos 0.7336441 0.5332992
126.3928 pos 0.8078921 0.5449556
126.4264 pos 0.8311348 0.5508066
126.467 pos 0.8369786 0.5508659
126.5013 pos 0.8428359 0.5622591
126.5352 pos 0.8428359 0.5622591
126.5756 pos 0.8604935 0.5681795
126.6093 pos 0.8664089 0.5739667
126.6447 pos 0.8782853 0.5798774
126.6868 pos 0.9082564 0.5861883
126.7215 pos 0.9325413 0.5866957
126.7561 pos 0.9757622 0.5876629
126.7985 pos 0.9882926 0.5938408
126.833 pos 0.9882926 0.5938408
126.8684 pos 0.9820169 0.5936821
126.9111 pos 0.9757622 0.5935255
126.9438 pos 0.9757623 0.5876629
126.9867 pos 0.9757623 0.5876629
127.0215 pos 0.9757623 0.5876629
127.056 pos 0.9757623 0.5876629
127.097 pos 0.9757623 0.5876629
127.131 pos 0.9757623 0.5876629
127.1651 pos 0.9695283 0.5875184
127.2064 pos 0.9695283 0.5875184
127.2395 pos 0.9695283 0.5875184
127.273 pos 0.9695283 0.5875184
127.3147 pos 0.9633148 0.587376
127.3486 pos 0.9633148 0.587376
127.3826 pos 0.9633148 0.587376
127.4233 pos 0.9571213 0.581405
127.4568 pos 0.9325414 0.580901
127.4907 pos 0.8902248 0.5743584
127.5314 pos 0.8194883 0.5789109
127.5654 pos 0.8021141 0.5842882
127.5998 pos 0.7848494 0.5840296
127.6403 pos 0.7791178 0.5839469
127.6736 pos 0.7791178 0.5839469
127.7149 pos 0.7619886 0.5501797
127.7498 pos 0.7223736 0.4999999
127.7853 pos 0.6776192 0.439355
127.826 pos 0.6443496 0.400969
127.8625 pos 0.6443496 0.3899123
127.8962 pos 0.6443496 0.3899123
127.9385 pos 0.6443495 0.3899123
127.9728 pos 0.6443495 0.3899123
128.0068 pos 0.6388254 0.3899667
128.0491 pos 0.6222842 0.4286809
128.0822 pos 0.5948068 0.4671735
128.1156 pos 0.5783656 0.4836044
128.1563 pos 0.5619513 0.494539
128.1896 pos 0.5455583 0.5054577
128.2234 pos 0.5346388 0.5054562
128.2646 pos 0.529181 0.5163678
128.2979 pos 0.529181 0.5163678
128.3321 pos 0.529181 0.5163678
128.3725 pos 0.529181 0.5163678
128.406 gestureEnd shopping
129.4537 gestureStart
129.4537 pos -0.2634619 0.3525114
129.4721 pos -0.2634619 0.3525114
129.5107 pos -0.2634619 0.3525114
129.941 phrase the cotton is high
130.9807 gestureStart
130.9807 pos 0.4471961 0.5820023
130.9985 pos 0.4526551 0.581988
131.0283 pos 0.4635739 0.581964
131.0693 pos 0.5017604 0.5381909
131.1026 pos 0.534494 0.5109127
131.1365 pos 0.5508758 0.5054586
131.1789 pos 0.567275 0.505462
131.2121 pos 0.5782203 0.4999999
131.2452 pos 0.5782202 0.4945351
131.285 pos 0.5782202 0.4945351
131.3181 pos 0.5782201 0.4945351
131.3512 pos 0.5782201 0.4945351
131.3911 pos 0.5672747 0.4890755
131.4247 pos 0.5399527 0.4836282
131.4585 pos 0.4744853 0.4836331
131.4998 pos 0.3924086 0.5054743
131.5339 pos 0.3372174 0.5275053
131.5674 pos 0.2870124 0.5553627
131.608 pos 0.2418231 0.5724782
131.641 pos 0.2304244 0.5838128
131.6742 pos 0.2189826 0.5952095
131.7165 pos 0.213243 0.5953039
131.7512 pos 0.2132411 0.595304
131.7846 pos 0.2189757 0.5952095
131.8258 pos 0.2189738 0.6008326
131.8616 pos 0.2189738 0.6008326
131.9033 gestureEnd the
133.8184 gestureStart
133.8184 pos 0.3868095 0.4067288
133.8364 pos 0.3868095 0.4067288
133.866 pos 0.3868095 0.4067288
133.9073 pos 0.4032865 0.4123302
133.9432 pos 0.4689189 0.4399395
133.9784 pos 0.5781084 0.4672037
134.0198 pos 0.6551546 0.4835109
134.0551 pos 0.6773577 0.4944911
134.0904 pos 0.7333796 0.516646
134.1316 pos 0.7617209 0.5334421
134.1647 pos 0.7845796 0.5447678
134.2061 pos 0.8018426 0.5617674
134.2417 pos 0.8018426 0.5617674
134.2773 pos 0.8134117 0.5731771
134.3186 pos 0.819215 0.5789068
134.353 pos 0.819215 0.5789068
134.3875 pos 0.830861 0.5904185
134.4295 pos 0.830861 0.5904185
134.4636 pos 0.830861 0.5904185
134.4971 pos 0.830861 0.5904185
134.5389 pos 0.8250315 0.590315
134.5737 pos 0.8250314 0.5903151
134.6082 pos 0.8192149 0.5902135
134.6502 pos 0.8192149 0.5902135
134.684 pos 0.8192149 0.5902135
134.7189 pos 0.8192149 0.5902135
134.7617 pos 0.8192149 0.5902135
134.7952 pos 0.8192149 0.5902135
134.8364 pos 0.8192149 0.5902135
134.8714 pos 0.8076208 0.5900164
134.9057 pos 0.8018426 0.5899207
134.9476 pos 0.7674192 0.5781832
134.9816 pos 0.7390282 0.5722662
135.0152 pos 0.6829247 0.571736
135.056 pos 0.5890651 0.57116
135.0903 pos 0.5507635 0.5710385
135.1228 pos 0.518012 0.5709875
135.1643 pos 0.4634575 0.5710104
135.1973 pos 0.4525351 0.5710312
135.2305 pos 0.4306681 0.5765707
135.2726 pos 0.4032722 0.5766817
135.3075 pos 0.3922873 0.5767365
135.3422 pos 0.3922855 0.5767365
135.3854 pos 0.4032638 0.5766818
135.4201 pos 0.4525184 0.5874715
135.4601 pos 0.5289017 0.6038947
135.4969 pos 0.6000132 0.6097102
135.5309 pos 0.6884761 0.6105969
135.573 pos 0.7390046 0.6225416
135.6071 pos 0.7845556 0.6234405
135.6411 pos 0.8018184 0.6238201
135.6838 pos 0.8250069 0.6243631
135.7183 pos 0.8484071 0.6135293
135.7512 pos 0.8542924 0.6079584
135.7928 pos 0.8601921 0.5909649
135.8262 pos 0.8661065 0.585371
135.8606 pos 0.8661065 0.5739619
135.9012 pos 0.8484074 0.5509846
135.9345 pos 0.8133876 0.5168697
135.9679 pos 0.7788248 0.4944117
136.0102 pos 0.7333561 0.4611492
136.046 pos 0.705245 0.4391541
136.0802 pos 0.6940583 0.4281695
136.1203 pos 0.6829019 0.4227325
136.1549 pos 0.671774 0.4173006
136.1971 pos 0.6606727 0.4008134
136.2306 pos 0.6551316 0.4008681
136.2655 pos 0.6551316 0.4008681
136.3076 pos 0.6551316 0.4008681
136.3417 pos 0.6551316 0.4008681
136.3762 pos 0.6551316 0.4008681
136.4191 gestureEnd cotton
137.371 gestureStart
137.371 pos 0.7503306 0.589144
137.3894 pos 0.7446626 0.589067
137.4193 pos 0.7277157 0.5832776
137.4612 pos 0.6884758 0.5662501
137.4951 pos 0.6385423 0.5439181
137.529 pos 0.5945255 0.5328258
137.5687 pos 0.5452784 0.5163741
137.6018 pos 0.4798068 0.5054548
137.6347 pos 0.4087388 0.5054686
137.6754 pos 0.353693 0.4999999
137.708 pos 0.3259697 0.4944931
137.742 pos 0.2924784 0.488942
137.7814 pos 0.2756253 0.483375
137.815 pos 0.2586903 0.4833344
137.848 pos 0.2473537 0.4777399
137.8887 pos 0.2416677 0.47772
137.9233 pos 0.230269 0.472097
137.9577 pos 0.2302678 0.472097
138.0009 pos 0.2302678 0.472097
138.0349 pos 0.2302678 0.472097
138.0767 pos 0.2302678 0.472097
138.0995 gestureEnd is
139.0983 gestureStart
139.0983 pos 0.6109324 0.4999999
139.1245 pos 0.6109324 0.5054755
139.1544 pos 0.6109324 0.5054755
139.1885 pos 0.6550639 0.5274841
139.2311 pos 0.7332871 0.5666407
139.2646 pos 0.7559397 0.5724527
139.3 pos 0.7616277 0.5781099
139.3418 pos 0.7559397 0.5780393
139.3769 pos 0.7445941 0.583483
139.4119 pos 0.7276475 0.5832769
139.4524 pos 0.6995794 0.5774215
139.4861 pos 0.6717061 0.5661248
139.5212 pos 0.6274438 0.5438772
139.5637 pos 0.5670735 0.5163869
139.5968 pos 0.5561386 0.5109195
139.6319 pos 0.5342929 0.4999999
139.6732 pos 0.5179231 0.4945452
139.7085 pos 0.4906509 0.4836361
139.742 pos 0.4851949 0.4781795
139.784 pos 0.4851949 0.4781795
139.8181 pos 0.4906487 0.4781805
139.8598 pos 0.5179196 0.4836348
139.893 pos 0.5452088 0.4836258
139.9268 pos 0.56707 0.483613
139.9686 pos 0.5944557 0.4890602
140.0021 pos 0.5999429 0.4890565
140.0351 pos 0.5999429 0.4890565
140.0755 pos 0.6054338 0.4890526
140.1108 pos 0.6054336 0.4890526
140.1453 pos 0.6054336 0.4890526
140.163 gestureEnd high
141.6856 gestureStart
141.6856 pos -0.3096492 0.2973143
141.7053 pos -0.3096492 0.2973143
142.8357 gestureStart
142.8357 pos -0.286669 0.331724
142.8564 pos -0.286669 0.331724
142.894 pos -0.286669 0.331724
145.4509 session normal_0.8_1
145.4509 phrase with each step forward
147.0695 gestureStart
147.0695 pos 0.1369475 0.5910205
147.0878 pos 0.1487431 0.5964888
147.1174 pos 0.1779896 0.5959237
147.1522 pos 0.246912 0.6003732
147.1955 pos 0.3421744 0.5991581
147.2297 pos 0.4028032 0.598674
147.2629 pos 0.4520588 0.5984493
147.3047 pos 0.5339011 0.5984132
147.3412 pos 0.5995523 0.5931851
147.3749 pos 0.6380792 0.593456
147.4151 pos 0.6824338 0.5938751
147.4493 pos 0.7047745 0.5941291
147.49 pos 0.7216132 0.5943395
147.5239 pos 0.732882 0.5944893
147.5563 pos 0.7385299 0.6001521
147.5965 pos 0.7385302 0.6001521
147.63 pos 0.7385302 0.6001521
147.6636 pos 0.7328821 0.6000698
147.7042 pos 0.7216133 0.5943395
147.7391 pos 0.6880081 0.5883916
147.7729 pos 0.6546665 0.5770362
147.8138 pos 0.6160368 0.5712852
147.8476 pos 0.5831024 0.5711367
147.8829 pos 0.5448204 0.5710257
147.9252 pos 0.5175316 0.570987
147.9598 pos 0.501168 0.5655097
147.9944 pos 0.473892 0.5600548
148.0341 pos 0.4411252 0.5546366
148.0672 pos 0.4301861 0.5546612
148.1002 pos 0.4301861 0.5546612
148.1408 pos 0.4465876 0.5546259
148.1743 pos 0.4629707 0.5491341
148.2073 pos 0.4847937 0.527277
148.2467 pos 0.5066102 0.5109086
148.2795 pos 0.5229751 0.4999999
148.3123 pos 0.5338892 0.4999999
148.3523 pos 0.5557344 0.4999999
148.3855 pos 0.5721399 0.4890732
148.4195 pos 0.5885702 0.4781263
148.4603 pos 0.605031 0.4781042
148.4936 pos 0.6050311 0.4781042
148.5331 pos 0.6050311 0.4781042
148.5669 pos 0.6050311 0.4781042
148.6023 pos 0.6050311 0.4781042
148.6424 pos 0.6050311 0.4781042
148.6761 pos 0.6050311 0.4781042
148.6926 gestureEnd with
149.9729 gestureStart
149.9729 pos 0.2751079 0.5999565
149.9991 pos 0.2694724 0.600036
150.0286 pos 0.2354608 0.5837438
150.0623 pos 0.2125785 0.5672191
150.1039 pos 0.1952959 0.5561742
150.1383 pos 0.1779006 0.5450767
150.1739 pos 0.1545255 0.5339594
150.2147 pos 0.1249855 0.5227795
150.2501 pos 0.119029 0.5171064
150.2845 pos 0.1130573 0.5171294
150.3265 pos 0.1130573 0.5171294
150.3623 pos 0.1130573 0.5171294
150.3965 pos 0.1130573 0.5171294
150.4386 pos 0.1130573 0.5171294
150.4736 pos 0.1130573 0.5171294
150.5088 pos 0.1070702 0.5057172
150.5515 pos 0.1190237 0.4999999
150.5856 pos 0.1662236 0.4943546
150.6261 pos 0.258145 0.4444115
150.6599 pos 0.3031223 0.4281448
150.6934 pos 0.3198543 0.4227567
150.7341 pos 0.3365233 0.4173729
150.7675 pos 0.3531353 0.417507
150.8005 pos 0.3641813 0.4175884
150.8408 pos 0.3752057 0.4176633
150.8737 pos 0.3807085 0.4176983
150.9065 pos 0.3807085 0.4176983
150.9473 pos 0.3807085 0.4176983
150.98 pos 0.4081725 0.4233406
151.0131 pos 0.4737805 0.4508765
151.0537 pos 0.5283297 0.4672591
151.0867 pos 0.5501683 0.4727028
151.12 pos 0.5665667 0.4781501
151.1618 pos 0.582988 0.4836005
151.1954 pos 0.5939509 0.4890606
151.229 pos 0.5939509 0.4890606
151.2696 pos 0.6049283 0.4945265
151.3031 pos 0.6049284 0.4945265
151.3367 pos 0.6049284 0.4945265
151.3785 pos 0.6049284 0.4945265
151.4119 pos 0.6049284 0.4945265
151.4451 pos 0.6049284 0.4945265
151.4858 pos 0.6049284 0.4945265
151.4911 gestureEnd each
152.8373 gestureStart
152.8373 pos 0.1778034 0.4943674
152.8553 pos 0.1894093 0.4943798
152.8844 pos 0.2182104 0.4999999
152.9179 pos 0.2806233 0.5276918
152.9597 pos 0.3641131 0.5603955
152.9935 pos 0.4026251 0.5711951
153.0276 pos 0.4245453 0.5820783
153.0675 pos 0.4464192 0.5929763
153.1008 pos 0.4518803 0.5929598
153.1411 pos 0.4682581 0.609396
153.1736 pos 0.4682551 0.609396
153.2071 pos 0.4682551 0.609396
153.2466 pos 0.4682551 0.609396
153.2789 pos 0.4518719 0.6039439
153.312 pos 0.4245315 0.5985562
153.3553 pos 0.3640932 0.5879235
153.3896 pos 0.3197563 0.5827766
153.4227 pos 0.2974241 0.5829982
153.4644 pos 0.2693307 0.577744
153.4991 pos 0.2693289 0.577744
153.5334 pos 0.2693289 0.577744
153.5739 pos 0.2693289 0.577744
153.6067 pos 0.2693289 0.577744
153.6408 pos 0.2862071 0.5775633
153.6839 pos 0.4025933 0.5821776
153.7193 pos 0.5064155 0.5819303
153.7545 pos 0.5993444 0.5821876
153.7971 pos 0.6544566 0.5880732
153.8312 pos 0.7157791 0.5887012
153.8708 pos 0.7781271 0.589546
153.9046 pos 0.8126814 0.5901016
153.939 pos 0.8535743 0.5908379
153.982 pos 0.8772554 0.5970293
154.0169 pos 0.8951802 0.5974225
154.0503 pos 0.9253898 0.5981226
154.0918 pos 0.9314849 0.5982694
154.1258 pos 0.9498813 0.6045545
154.1601 pos 0.9560517 0.60472
154.202 pos 0.9684519 0.6050585
154.2356 pos 0.9684519 0.6050585
154.2696 pos 0.9684519 0.6050585
154.3113 pos 0.9684519 0.6050585
154.3469 pos 0.9684519 0.6050585
154.3574 gestureEnd step
155.3344 gestureStart
155.3344 pos 0.4190096 0.4836022
155.3524 pos 0.4299548 0.4836108
155.3825 pos 0.4463541 0.4890813
155.4175 pos 0.5118339 0.516364
155.4572 pos 0.626803 0.5493646
155.4904 pos 0.7101296 0.5775259
155.5226 pos 0.732631 0.5889092
155.5655 pos 0.755279 0.5948083
155.6006 pos 0.778089 0.6007822
155.6353 pos 0.8068537 0.6069508
155.6785 pos 0.8068537 0.6069508
155.713 pos 0.8126427 0.6127295
155.7542 pos 0.8184443 0.6128537
155.7907 pos 0.8242587 0.6129804
155.8252 pos 0.8242586 0.6129804
155.8657 pos 0.8300862 0.6131095
155.9002 pos 0.8359275 0.613241
155.9337 pos 0.8359275 0.613241
155.9758 pos 0.8417822 0.6190749
156.0088 pos 0.8417821 0.6190749
156.0419 pos 0.8417821 0.6190749
156.0827 pos 0.8417821 0.6190749
156.1174 pos 0.8417821 0.6190749
156.1511 pos 0.8359274 0.6189342
156.1935 pos 0.812642 0.6070664
156.2281 pos 0.7838178 0.5952553
156.2616 pos 0.7439346 0.5834747
156.3013 pos 0.6544188 0.5770344
156.3349 pos 0.5828574 0.5766209
156.3695 pos 0.5281996 0.5764726
156.4121 pos 0.4299464 0.5765731
156.4469 pos 0.3805702 0.5768014
156.48 pos 0.3308193 0.5771502
156.5195 pos 0.2973654 0.5774512
156.5531 pos 0.2973623 0.5774512
156.5925 pos 0.2973623 0.5774512
156.6281 pos 0.2973623 0.5774512
156.6611 pos 0.2973623 0.5774512
156.7022 pos 0.2973623 0.5774512
156.7356 pos 0.2973623 0.5774512
156.7684 pos 0.2973623 0.5774512
156.8123 pos 0.2973623 0.5774512
156.8461 pos 0.2749042 0.5776829
156.8807 pos 0.2352534 0.5725546
156.9223 pos 0.2066205 0.5729088
156.9561 pos 0.1893004 0.5731398
156.9904 pos 0.1835014 0.57322
157.0325 pos 0.1718653 0.5733849
157.0677 pos 0.1601769 0.5735562
157.1021 pos 0.1601757 0.5735563
157.1441 pos 0.1601757 0.5735563
157.1795 pos 0.1601757 0.5735563
157.2207 pos 0.1601757 0.5735563
157.2552 pos 0.1601757 0.5735563
157.2906 pos 0.1601757 0.5735563
157.3315 pos 0.1601757 0.5735563
157.3654 pos 0.1601757 0.5735563
157.3994 pos 0.1601757 0.5735563
157.4401 pos 0.1247698 0.5455751
157.473 pos 0.1068592 0.5228724
157.5063 pos 0.100853 0.5171773
157.5461 pos 0.1008524 0.5171773
157.5795 pos 0.1008524 0.5114511
157.6134 pos 0.1008524 0.5114511
157.6543 pos 0.08879404 0.4999999
157.6897 pos 0.0887927 0.4942582
157.7242 pos 0.08273878 0.4884996
157.7672 pos 0.07666364 0.4827235
157.8011 pos 0.07666292 0.4827235
157.8355 pos 0.1068409 0.4942823
157.8786 pos 0.160152 0.5169573
157.9117 pos 0.2180707 0.5447474
157.9475 pos 0.2635816 0.566671
157.9861 pos 0.3029091 0.5829414
158.0193 pos 0.3363134 0.5992169
158.0619 pos 0.3473946 0.5991075
158.0958 pos 0.3639719 0.6044801
158.1284 pos 0.3694854 0.6044315
158.1695 pos 0.3749944 0.604385
158.2023 pos 0.3804968 0.6043405
158.2356 pos 0.3804962 0.5933145
158.2769 pos 0.3639599 0.5658965
158.3114 pos 0.3584364 0.5439299
158.3452 pos 0.3529068 0.5274632
158.3862 pos 0.3473716 0.5164848
158.4183 pos 0.3473716 0.5164848
158.4508 pos 0.3473716 0.5164848
158.4909 pos 0.3418323 0.5054976
158.5239 pos 0.3362862 0.4999999
158.5573 pos 0.3307313 0.4889917
158.5973 pos 0.3307301 0.4889917
158.6304 pos 0.3307301 0.4889917
158.6523 gestureEnd toward
160.0416 gestureStart
160.0416 pos 0.3084191 0.688995
160.0608 pos 0.3084191 0.688995
160.0893 pos 0.3084191 0.688995
160.1008 select forward
161.0012 gestureStart
161.0012 pos -0.3341808 0.3486776
161.0203 pos -0.3341808 0.3486776
161.0484 pos -0.3341808 0.3486776
164.189 phrase electric cars need big fuel cells
166.0305 gestureStart
166.0305 pos 0.2575174 0.5723032
166.0497 pos 0.2575174 0.5723032
166.0782 pos 0.2688147 0.5721838
166.1195 pos 0.3080878 0.5718117
166.1543 pos 0.3580537 0.5714362
166.1887 pos 0.402089 0.5657103
166.2305 pos 0.4786418 0.5436572
166.2635 pos 0.5441113 0.527292
166.2974 pos 0.5988398 0.5218868
166.3376 pos 0.6263328 0.5219299
166.372 pos 0.6928641 0.5055186
166.406 pos 0.7377962 0.4888957
166.4469 pos 0.8005846 0.48317
166.4801 pos 0.8121483 0.483134
166.5137 pos 0.8237624 0.4830965
166.5539 pos 0.8412829 0.4830376
166.5876 pos 0.8589292 0.4829753
166.6269 pos 0.8826658 0.4828869
166.6621 pos 0.9006346 0.4828166
166.6951 pos 0.9126974 0.4827677
166.735 pos 0.9187549 0.4827427
166.7678 pos 0.9187549 0.4827427
166.8014 pos 0.9187549 0.4827427
166.8425 pos 0.9187549 0.4827427
166.8772 pos 0.9066575 0.4770555
166.9111 pos 0.8946283 0.4713978
166.952 pos 0.8826653 0.4714753
166.9854 pos 0.8471501 0.4716925
167.0192 pos 0.7833287 0.4776276
167.0618 pos 0.7152619 0.4999999
167.0956 pos 0.670585 0.5055046
167.1293 pos 0.6208246 0.5109593
167.1714 pos 0.500459 0.5218188
167.2054 pos 0.4513448 0.5272956
167.2396 pos 0.4185272 0.5273328
167.2817 pos 0.3910935 0.5273783
167.3156 pos 0.341435 0.5384969
167.3508 pos 0.2912784 0.560873
167.3921 pos 0.246145 0.572429
167.4266 pos 0.2233418 0.5726978
167.4693 pos 0.2003618 0.578619
167.5031 pos 0.1945841 0.5843393
167.5379 pos 0.1945823 0.5899797
167.5796 pos 0.2118643 0.5897006
167.6136 pos 0.229043 0.5726285
167.6464 pos 0.2517995 0.5389364
167.6871 pos 0.280026 0.4999999
167.7205 pos 0.3024503 0.4779103
167.7533 pos 0.3191849 0.4614114
167.7951 pos 0.3247469 0.4393708
167.8289 pos 0.3303016 0.4283686
167.862 pos 0.3358496 0.4228902
167.9048 pos 0.3413932 0.4174137
167.94 pos 0.3469294 0.4174586
167.9729 pos 0.3524584 0.4175018
168.0124 pos 0.3524572 0.4175018
168.0453 pos 0.3579824 0.4175435
168.0789 pos 0.363501 0.4175835
168.1199 pos 0.3634997 0.4175835
168.1541 pos 0.3634997 0.4175835
168.1885 pos 0.3690141 0.417622
168.2316 pos 0.3690135 0.423128
168.2653 pos 0.3690135 0.423128
168.3068 pos 0.3855318 0.4451953
168.3414 pos 0.3965188 0.4616783
168.3756 pos 0.4074911 0.4835917
168.4175 pos 0.4239255 0.5109287
168.4511 pos 0.4293951 0.5273185
168.4837 pos 0.44033 0.5382344
168.5245 pos 0.4512583 0.5600873
168.5582 pos 0.4567177 0.576499
168.5916 pos 0.4567171 0.5874608
168.6324 pos 0.4457892 0.5874906
168.6665 pos 0.4129546 0.5931159
168.7002 pos 0.3744941 0.593358
168.7405 pos 0.3524125 0.5935361
168.773 pos 0.3468755 0.5935854
168.8063 pos 0.3468755 0.5935854
168.8484 pos 0.3689732 0.598916
168.8825 pos 0.4293676 0.6095352
168.9173 pos 0.500343 0.6148587
168.9589 pos 0.6207075 0.615393
168.9927 pos 0.6983321 0.6107287
169.0271 pos 0.7546725 0.6060007
169.0685 pos 0.7774782 0.6063952
169.1027 pos 0.7889464 0.6066058
169.1362 pos 0.7889463 0.6066058
169.1785 pos 0.7832065 0.6008704
169.2119 pos 0.7603579 0.5892843
169.2517 pos 0.7095304 0.5608794
169.2848 pos 0.6538284 0.538479
169.3185 pos 0.6042118 0.5164201
169.359 pos 0.5276177 0.4945444
169.3922 pos 0.4730667 0.478176
169.4263 pos 0.4184105 0.4617277
169.469 pos 0.3964714 0.4561995
169.5034 pos 0.3744676 0.4506402
169.5374 pos 0.3634376 0.445099
169.5793 pos 0.3468519 0.4340003
169.613 pos 0.3357654 0.4339271
169.6471 pos 0.3246516 0.4283248
169.6862 pos 0.3246479 0.422798
169.7192 pos 0.3246479 0.422798
169.7527 pos 0.3246479 0.422798
169.7953 pos 0.3302057 0.4228445
169.8233 gestureEnd electric
170.9574 gestureStart
170.9574 pos 0.3744068 0.4176581
170.977 pos 0.3744068 0.4176581
171.0064 pos 0.3744068 0.4176581
171.0497 pos 0.3412545 0.4229326
171.0854 pos 0.2742395 0.4611911
171.1205 pos 0.228877 0.483256
171.1626 pos 0.1886193 0.494379
171.196 pos 0.1477461 0.5113333
171.2363 pos 0.09413834 0.52294
171.2699 pos 0.06987868 0.5230743
171.3046 pos 0.06987806 0.5230743
171.3475 pos 0.06376581 0.5231093
171.3832 pos 0.1001502 0.5343661
171.4183 pos 0.1594792 0.5509022
171.4601 pos 0.2402572 0.5724962
171.4943 pos 0.2685787 0.5777524
171.5291 pos 0.3078541 0.593982
171.5707 pos 0.3522952 0.6101215
171.6053 pos 0.3578206 0.6100659
171.6394 pos 0.35782 0.6100659
171.6825 pos 0.35782 0.6100659
171.7173 pos 0.3301231 0.5882119
171.7509 pos 0.2854531 0.5553741
171.7911 pos 0.2459278 0.5278327
171.8238 pos 0.2345459 0.5223053
171.858 pos 0.2288401 0.5167439
171.9007 pos 0.2231199 0.5111729
171.9346 pos 0.2173898 0.5111838
171.9764 pos 0.2116495 0.5055973
172.0109 pos 0.2058953 0.505603
172.0456 pos 0.2058947 0.4999999
172.0867 pos 0.2058947 0.4999999
172.1206 pos 0.2058947 0.4999999
172.1333 gestureEnd cars
172.9827 gestureStart
172.9827 pos 0.6758776 0.4117304
173.0029 pos 0.6703189 0.4117837
173.0384 pos 0.6315802 0.4121085
173.0724 pos 0.5766518 0.4453212
173.1071 pos 0.4674654 0.5054559
173.1492 pos 0.396328 0.538322
173.1842 pos 0.3411727 0.5660363
173.2256 pos 0.2515542 0.6114999
173.2612 pos 0.2230767 0.6232795
173.2967 pos 0.2173471 0.6234
173.3387 pos 0.2173471 0.6234
173.3727 pos 0.2173471 0.6234
173.4074 pos 0.234493 0.6230464
173.4487 pos 0.2572081 0.6058081
173.4834 pos 0.2797697 0.5665186
173.5178 pos 0.2909972 0.5442568
173.558 pos 0.3021906 0.5220903
173.5919 pos 0.3133545 0.5110294
173.6268 pos 0.3189239 0.505511
173.6686 pos 0.3189233 0.4999999
173.7026 pos 0.3189233 0.4999999
173.7365 pos 0.3189233 0.4999999
173.7787 pos 0.3189233 0.4999999
173.7959 gestureEnd need
174.9898 gestureStart
174.9898 pos 0.5601876 0.3960126
175.0158 pos 0.5601876 0.4015088
175.0451 pos 0.5601877 0.4070012
175.0813 pos 0.5820755 0.4343491
175.1236 pos 0.6370445 0.494513
175.1572 pos 0.6702657 0.5165144
175.1911 pos 0.6925423 0.5441657
175.2314 pos 0.7205586 0.5665216
175.2651 pos 0.7318242 0.5721904
175.2989 pos 0.7431262 0.5834646
175.3396 pos 0.7431262 0.5834646
175.3727 pos 0.7431262 0.5834646
175.4061 pos 0.7261868 0.5776948
175.4469 pos 0.675824 0.5551133
175.48 pos 0.6425665 0.5384384
175.5132 pos 0.593037 0.5273504
175.5544 pos 0.5547216 0.516379
175.5883 pos 0.5437963 0.5109152
175.627 pos 0.5328776 0.505456
175.664 pos 0.5274203 0.5054554
175.6972 pos 0.521964 0.505455
175.7372 pos 0.521964 0.505455
175.7708 pos 0.521964 0.505455
175.8048 pos 0.521964 0.505455
175.8115 gestureEnd big
176.9062 gestureStart
176.9062 pos 0.3852715 0.4945228
176.925 pos 0.3907673 0.4945249
176.9536 pos 0.396259 0.4999999
176.9953 pos 0.4181944 0.5109318
177.0315 pos 0.4728448 0.53274
177.0651 pos 0.5273934 0.5491244
177.1086 pos 0.5656283 0.5546513
177.1413 pos 0.5930099 0.5602077
177.1771 pos 0.5984961 0.5657127
177.2185 pos 0.5984961 0.5657127
177.2527 pos 0.5984961 0.5657127
177.2872 pos 0.6039861 0.5657359
177.3297 pos 0.6149781 0.5712797
177.3643 pos 0.6149781 0.5712797
177.3982 pos 0.6204807 0.571309
177.4407 pos 0.6204807 0.571309
177.4737 pos 0.6039861 0.5712252
177.5081 pos 0.5546947 0.5600992
177.5506 pos 0.4837549 0.5600468
177.5854 pos 0.4127084 0.5601879
177.6282 pos 0.3410959 0.5770684
177.6624 pos 0.3021332 0.5829493
177.6965 pos 0.2853223 0.5831288
177.7381 pos 0.2571357 0.5834613
177.7725 pos 0.2571339 0.5834613
177.8069 pos 0.2571339 0.589043
177.8467 pos 0.2796966 0.5887555
177.8812 pos 0.3077083 0.5884366
177.9156 pos 0.3852379 0.5877761
177.9569 pos 0.4509801 0.5874756
177.9905 pos 0.5055435 0.58193
178.024 pos 0.5546656 0.5765263
178.0667 pos 0.6204514 0.5548289
178.1015 pos 0.6591108 0.5495088
178.1361 pos 0.6813326 0.5496266
178.1789 pos 0.7205008 0.5443248
178.213 pos 0.7600935 0.5390089
178.2556 pos 0.8001927 0.5280505
178.2905 pos 0.8175545 0.5225118
178.3244 pos 0.835032 0.5225888
178.3665 pos 0.858528 0.5170231
178.4015 pos 0.8763044 0.5113921
178.4371 pos 0.8942216 0.5057189
178.479 pos 0.9183432 0.5057514
178.514 pos 0.9244173 0.5057599
178.5471 pos 0.9244173 0.5057599
178.5883 pos 0.9244173 0.5057599
178.6218 pos 0.9244173 0.5057599
178.6557 pos 0.9244173 0.5057599
178.6759 gestureEnd fuel
179.999 gestureStart
179.999 pos 0.3796919 0.417692
180.0233 pos 0.3741846 0.4176566
180.0567 pos 0.3521025 0.4285246
180.0915 pos 0.307654 0.4889629
180.133 pos 0.2964716 0.4999999
180.1673 pos 0.2796358 0.5276956
180.2011 pos 0.2627209 0.5555506
180.241 pos 0.2513974 0.5723702
180.2753 pos 0.2457186 0.5724338
180.309 pos 0.2513918 0.5723703
180.3502 pos 0.2739915 0.5776928
180.3842 pos 0.3187839 0.5883222
180.4173 pos 0.3796613 0.582308
180.4578 pos 0.472744 0.5764714
180.4926 pos 0.5436697 0.5764998
180.5271 pos 0.5874273 0.5711535
180.5682 pos 0.6756951 0.5551125
180.6024 pos 0.7148084 0.5498325
180.6361 pos 0.7486598 0.5389392
180.678 pos 0.7771378 0.5335271
180.7127 pos 0.8058928 0.5280798
180.7549 pos 0.8466755 0.5226423
180.7911 pos 0.8466755 0.5226423
180.8241 pos 0.8466755 0.5226423
180.8577 pos 0.8525563 0.52267
180.8976 pos 0.8525563 0.52267
180.9323 pos 0.8525563 0.52267
180.9767 pos 0.8584515 0.5226981
181.0113 pos 0.8821834 0.5228158
181.0451 pos 0.8941436 0.5228777
181.0858 pos 0.9001485 0.5229094
181.1185 pos 0.9001485 0.5229094
181.1523 pos 0.9001485 0.5229094
181.1934 pos 0.8881555 0.5228465
181.227 pos 0.8349563 0.5056465
181.261 pos 0.7886047 0.4944022
181.3005 pos 0.7204276 0.483384
181.3342 pos 0.6645843 0.4779928
181.3674 pos 0.6038855 0.4726308
181.4086 pos 0.5600601 0.4672297
181.4417 pos 0.5163817 0.4618057
181.4762 pos 0.4235629 0.4617376
181.5171 pos 0.3741461 0.467102
181.5505 pos 0.3520656 0.4670391
181.5837 pos 0.3187675 0.4669253
181.6238 pos 0.279599 0.4667626
181.6572 pos 0.2626863 0.4666828
181.6916 pos 0.2456894 0.466597
181.7334 pos 0.2343048 0.4665363
181.767 pos 0.2228779 0.4664727
181.8075 pos 0.217146 0.46644
181.8407 pos 0.2114041 0.4664064
181.8733 pos 0.1998865 0.4663373
181.9146 pos 0.1998833 0.4663373
181.9485 pos 0.1998833 0.4663373
181.9818 pos 0.2056437 0.4663722
182.0169 gestureEnd cells
183.7661 gestureStart
183.7661 pos -0.1930705 0.3434681
183.7862 pos -0.1930705 0.3434681
183.8233 pos -0.1930705 0.3434681
