1021.527 session normal_0.8_1
1021.527 phrase a little encouragement is needed
1029.253 gestureStart
1029.253 pos -0.3355432 0.3478609
1039.484 gestureStart
1039.484 pos 0.08267085 0.4801192
1039.55 gestureEnd a
1040.843 gestureStart
1040.843 pos 0.8401877 0.4831052
1040.943 pos 0.8895448 0.4933814
1041.042 pos 0.9562074 0.5222896
1041.142 pos 0.8757476 0.5619351
1041.241 pos 0.6680783 0.5988076
1041.341 pos 0.4557457 0.6070729
1041.44 pos 0.229271 0.5984672
1041.54 pos 0.2402278 0.5943284
1041.639 pos 0.4452838 0.583793
1041.739 pos 0.5307239 0.5812531
1041.838 pos 0.8253713 0.5873709
1041.938 pos 1.116642 0.5105744
1042.037 pos 1.06579 0.4678124
1042.137 pos 0.9152907 0.4747932
1042.236 pos 0.7221618 0.5227262
1042.336 pos 0.5327592 0.5626345
1042.435 pos 0.3900709 0.5818701
1042.535 pos 0.2643673 0.5861499
1042.634 pos 0.2010154 0.5909661
1042.684 gestureEnd keeps
1044.757 gestureStart
1044.757 pos 0.2510014 0.7230245
1044.807 select little
1045.271 gestureStart
1045.271 pos 0.2840797 0.5674947
1045.37 pos 0.2555308 0.5615976
1045.47 pos 0.3328878 0.5594354
1045.569 pos 0.5519417 0.5114912
1045.669 pos 0.7108151 0.3189291
1045.769 pos 0.6467913 0.2602572
1045.868 pos 0.4927073 0.3115977
1045.968 pos 0.3396021 0.3752382
1046.067 pos 0.3175763 0.4031053
1046.166 pos 0.4851743 0.4784599
1046.266 pos 0.7934598 0.565719
1046.365 pos 0.9737567 0.6300859
1046.465 pos 0.8884275 0.6341692
1046.565 pos 0.6743027 0.617063
1046.664 pos 0.4492443 0.6158881
1046.764 pos 0.2838513 0.6456996
1046.863 pos 0.2052432 0.6368363
1046.963 pos 0.1941459 0.601488
1047.062 pos 0.1839164 0.5227422
1047.161 pos 0.1072639 0.4674318
1047.261 pos 0.07898835 0.4658461
1047.361 pos 0.1747975 0.4780899
1047.46 pos 0.3446466 0.5001247
1047.559 pos 0.4553956 0.5268281
1047.659 pos 0.4759905 0.5448143
1047.759 pos 0.4447773 0.5696718
1047.858 pos 0.2630686 0.603273
1047.957 pos 0.1583908 0.6307795
1048.057 pos 0.217595 0.6038952
1048.156 pos 0.3854695 0.5199299
1048.256 pos 0.5488424 0.3915517
1048.356 pos 0.6281911 0.3600513
1048.455 pos 0.6482512 0.3720605
1048.554 pos 0.6922909 0.401987
1048.654 pos 0.711604 0.4144435
1048.754 pos 0.5863997 0.464112
1048.853 pos 0.4238057 0.5356255
1048.952 pos 0.2915581 0.5803059
1049.052 pos 0.2409679 0.5830082
1049.151 pos 0.2534658 0.5663607
1049.251 pos 0.3876738 0.4900867
1049.351 pos 0.5577465 0.4508775
1049.45 pos 0.6493151 0.4334702
1049.549 pos 0.6713839 0.4582508
1049.649 pos 0.6618328 0.5077415
1049.748 pos 0.5569541 0.5978777
1049.848 pos 0.4807661 0.6103444
1049.947 pos 0.4248516 0.6057804
1049.964 gestureEnd encouragement
1050.743 gestureStart
1050.743 pos 0.8133277 0.5713566
1050.843 pos 0.7133487 0.5708746
1050.942 pos 0.5599866 0.5739534
1051.042 pos 0.3471066 0.5666693
1051.141 pos 0.1863021 0.554861
1051.24 pos 0.1545765 0.5482625
1051.34 pos 0.1696939 0.537537
1051.373 gestureEnd its
1052.484 gestureStart
1052.484 pos 0.1543764 0.6999455
1052.517 select is
1053.329 gestureStart
1053.329 pos 0.6105333 0.3971153
1053.429 pos 0.5913522 0.4452538
1053.528 pos 0.5507221 0.5126613
1053.628 pos 0.4056714 0.5738449
1053.727 pos 0.2683924 0.5938009
1053.827 pos 0.2653875 0.5932755
1053.926 pos 0.2880425 0.5709942
1054.026 pos 0.3060276 0.5288717
1054.125 pos 0.2930112 0.5295863
1054.225 pos 0.2590778 0.5735515
1054.324 pos 0.2415155 0.5929357
1054.424 pos 0.2506283 0.5873211
1054.523 pos 0.2850684 0.58087
1054.623 pos 0.3068074 0.5373147
1054.689 gestureEnd needed
1055.734 gestureStart
1055.734 pos -0.4758312 0.2149619
1056.994 gestureStart
1056.994 pos -0.3096038 0.3271835
1057.093 pos -0.3280986 0.318366
1073.907 delete
1073.907 delete
1073.907 delete
1073.907 delete
1073.907 delete
1074.869 gestureStart
1074.869 pos 0.05334278 0.4829183
1074.935 gestureEnd a
1075.747 gestureStart
1075.747 pos 1.022452 0.4850747
1075.847 pos 0.9162441 0.4948584
1075.946 pos 0.8566049 0.5047133
1076.046 pos 0.8157441 0.5440268
1076.145 pos 0.7215328 0.6035826
1076.245 pos 0.5741341 0.5974286
1076.344 pos 0.4211591 0.5901851
1076.444 pos 0.3060018 0.5907279
1076.543 pos 0.3269274 0.5880528
1076.643 pos 0.5245545 0.5721654
1076.742 pos 0.7692951 0.5142512
1076.842 pos 0.9599794 0.4787531
1076.941 pos 0.9646062 0.491402
1077.041 pos 0.7729231 0.5207086
1077.14 pos 0.4789183 0.5417895
1077.24 pos 0.2324087 0.5755033
1077.339 pos 0.1733944 0.6063237
1078.964 gestureStart
1078.964 pos -0.4905359 0.454776
1079.031 delete
1080.025 gestureStart
1080.025 pos 0.05476743 0.4599261
1080.059 gestureEnd a
1081.004 gestureStart
1081.004 pos 0.8720595 0.4901201
1081.103 pos 0.8774468 0.5150129
1081.203 pos 0.799147 0.5476568
1081.302 pos 0.6274838 0.6032317
1081.402 pos 0.4945424 0.6462284
1081.501 pos 0.4456006 0.647673
1081.601 pos 0.4544289 0.6283772
1081.7 pos 0.699096 0.6065364
1081.8 pos 0.9851885 0.5405017
1081.899 pos 1.003939 0.4867818
1081.999 pos 0.8526317 0.4648675
1082.098 pos 0.6083765 0.485932
1082.198 pos 0.3590096 0.5288956
1082.297 pos 0.2199154 0.5589361
1082.397 pos 0.192339 0.5836415
1082.463 gestureEnd little
1083.242 gestureStart
1083.242 pos 0.2036033 0.6009197
1083.342 pos 0.2875603 0.576247
1083.441 pos 0.4815269 0.4806892
1083.541 pos 0.666612 0.385637
1083.64 pos 0.7422876 0.3798383
1083.74 pos 0.633215 0.3847969
1083.839 pos 0.3419922 0.4180837
1083.939 pos 0.2409397 0.4667273
1084.038 pos 0.5180238 0.5031179
1084.138 pos 0.8467795 0.5646563
1084.237 pos 0.950002 0.5941355
1084.336 pos 0.8213425 0.5750641
1084.436 pos 0.6791626 0.5954604
1084.535 pos 0.5631229 0.6011918
1084.635 pos 0.5107322 0.6094119
1084.734 pos 0.3889623 0.5909029
1084.834 pos 0.2616779 0.5765214
1084.933 pos 0.1479533 0.5533393
1085.033 pos 0.04953229 0.5121508
1085.133 pos 0.02098064 0.4959431
1085.232 pos 0.1577394 0.4924351
1085.331 pos 0.379976 0.5024639
1085.431 pos 0.5311219 0.507331
1085.53 pos 0.498241 0.5351074
1085.63 pos 0.3306516 0.5767318
1085.729 pos 0.2766162 0.6130112
1085.829 pos 0.4221418 0.5899848
1085.928 pos 0.7197984 0.4773756
1086.028 pos 0.890389 0.4016175
1086.127 pos 0.7962751 0.3892851
1086.227 pos 0.652707 0.4391071
1086.326 pos 0.5132034 0.5131183
1086.426 pos 0.3698052 0.5644163
1086.575 pos 0.2613831 0.5681588
1086.674 pos 0.3073128 0.5500022
1086.774 pos 0.4581269 0.4655796
1086.873 pos 0.5974687 0.407721
1086.973 pos 0.6222607 0.4146744
1087.072 pos 0.6094184 0.4712724
1087.172 pos 0.5184451 0.5620537
1087.271 gestureEnd enforcement
1089.095 gestureStart
1089.095 pos 0.6563908 0.7133747
1089.161 select encouragement
1089.592 gestureStart
1089.592 pos 0.8039841 0.636613
1089.692 pos 0.7702757 0.5935524
1089.791 pos 0.6683779 0.5540704
1089.891 pos 0.4333451 0.5375715
1089.99 pos 0.2251815 0.5324363
1090.09 pos 0.2018208 0.5168713
1090.123 gestureEnd odds
1092.71 gestureStart
1092.71 pos 0.06537656 0.6949492
1092.76 select is
1093.688 gestureStart
1093.688 pos 0.6410891 0.4027472
1093.788 pos 0.6178289 0.4539925
1093.887 pos 0.4638956 0.5281736
1093.987 pos 0.2705789 0.5820515
1094.086 pos 0.2169407 0.6096616
1094.186 pos 0.2606761 0.608237
1094.285 pos 0.2921229 0.5231004
1094.385 pos 0.2705799 0.4948488
1094.484 pos 0.2247251 0.5166548
1094.584 pos 0.2403786 0.5605664
1094.683 pos 0.290394 0.56967
1094.783 pos 0.2990321 0.5407153
1094.882 pos 0.2840664 0.503549
1094.915 gestureEnd needed
1098.613 phrase have a good weekend
1101.763 gestureStart
1101.763 pos 0.590786 0.5122029
1101.863 pos 0.5464973 0.5091855
1101.962 pos 0.3063205 0.5153298
1102.062 pos 0.1143302 0.5066258
1102.161 pos 0.1450154 0.4584108
1102.261 pos 0.2639267 0.3913894
1102.36 pos 0.4055486 0.357234
1102.46 pos 0.4858991 0.3284942
1102.559 pos 0.4400774 0.3734359
1102.659 pos 0.3235371 0.4519912
1102.758 pos 0.2048068 0.5376911
1102.858 pos 0.2239413 0.57329
1102.874 gestureEnd gave
1104.4 gestureStart
1104.4 pos 0.3120311 0.6865917
1104.483 select have
1104.914 gestureStart
1104.914 pos 0.09834886 0.5042511
1104.98 gestureEnd a
1105.726 gestureStart
1105.726 pos 0.4902344 0.4988682
1105.826 pos 0.5764504 0.5087228
1105.925 pos 0.7494695 0.5415831
1106.025 pos 0.8714719 0.5623615
1106.124 pos 0.8321795 0.5667303
1106.224 pos 0.6301531 0.5467219
1106.323 pos 0.3499678 0.517157
1106.422 pos 0.2027951 0.4936826
1106.522 pos 0.2096055 0.480193
1106.555 gestureEnd goods
1108.561 gestureStart
1108.561 pos 0.1164115 0.6097887
1108.661 pos 0.1313063 0.6110959
1108.76 pos 0.2568425 0.6111763
1108.86 pos 0.4008277 0.6069711
1108.959 pos 0.6412581 0.5921334
1109.059 pos 0.8141145 0.5371851
1109.158 pos 0.7993282 0.518645
1109.258 pos 0.7043752 0.5115483
1109.357 pos 0.5333219 0.5399913
1109.457 pos 0.3354988 0.5593417
1109.556 pos 0.2203147 0.5662702
1109.656 pos 0.2130015 0.5712824
1109.755 pos 0.3240425 0.5500461
1109.905 pos 0.6503055 0.4404489
1110.004 pos 0.7193731 0.4212885
1110.103 pos 0.6268975 0.4295256
1110.203 pos 0.4888299 0.4510635
1110.302 pos 0.3133136 0.4744333
1110.402 pos 0.2678781 0.485961
1110.468 gestureEnd weekends
1112.126 gestureStart
1112.126 pos -0.4383589 0.3221322
1114.347 phrase come and see our new car
1128.042 gestureStart
1128.042 pos 0.3521658 0.3822061
1128.141 pos 0.3418457 0.3894722
1128.241 pos 0.4191254 0.4266173
1128.34 pos 0.7368259 0.4521247
1128.44 pos 1.022901 0.504151
1128.539 pos 1.008178 0.5275829
1128.639 pos 0.8889062 0.5107054
1128.738 pos 0.8630169 0.4962969
1128.838 pos 0.8730773 0.4040836
1128.937 pos 0.838298 0.361381
1129.036 pos 0.719016 0.380886
1129.136 pos 0.5409867 0.4797117
1129.235 pos 0.3096925 0.5547327
1129.335 pos 0.1461705 0.6276057
1129.434 gestureEnd cow
1130.794 gestureStart
1130.794 pos -0.4345695 0.4906926
1130.877 delete
1132.12 gestureStart
1132.12 pos 0.3443793 0.4005027
1132.219 pos 0.3596489 0.4160956
1132.319 pos 0.4919755 0.4577863
1132.419 pos 0.6851142 0.5806102
1132.518 pos 0.8633315 0.6803564
1132.617 pos 0.9278668 0.6564445
1132.717 pos 0.8991634 0.5138105
1132.816 pos 0.8406087 0.4422233
1132.916 pos 0.7738404 0.3935101
1133.015 pos 0.6264861 0.4267057
1133.115 pos 0.3872077 0.477048
1133.214 pos 0.2412958 0.5458874
1133.314 pos 0.2357311 0.5893151
1133.413 pos 0.2751164 0.5938544
1133.43 gestureEnd come
1134.093 gestureStart
1134.093 pos 0.1210578 0.4993426
1134.193 pos 0.206612 0.479752
1134.292 pos 0.3493396 0.4475407
1134.391 pos 0.5670165 0.4241934
1134.491 pos 0.7570376 0.4089042
1134.64 pos 0.7527732 0.4067089
1134.74 pos 0.6160469 0.4383209
1134.839 pos 0.4725993 0.4754927
1134.939 pos 0.3829268 0.4895318
1135.038 pos 0.3366509 0.4951657
1135.104 gestureEnd and
1135.9 gestureStart
1135.9 pos 0.135445 0.454092
1136 pos 0.1614067 0.4615567
1136.099 pos 0.1789846 0.4783807
1136.199 pos 0.2034053 0.5081952
1136.298 pos 0.2240423 0.5417472
1136.398 pos 0.2292323 0.5953767
1136.497 gestureEnd assess
1137.823 gestureStart
1137.823 pos 0.2950825 0.7030312
1137.923 select see
1139.05 gestureStart
1139.05 pos 0.8788853 0.6116979
1139.15 pos 0.8572319 0.6090953
1139.249 pos 0.825977 0.6046468
1139.349 pos 0.706507 0.6136331
1139.448 pos 0.5699301 0.6282221
1139.548 pos 0.4246358 0.6304823
1139.647 pos 0.3546779 0.616926
1139.747 pos 0.3033209 0.5824231
1139.846 gestureEnd our
1140.857 gestureStart
1140.857 pos 0.7003374 0.3511481
1140.957 pos 0.6868902 0.3500704
1141.056 pos 0.6474514 0.3808546
1141.156 pos 0.5244254 0.4723583
1141.255 pos 0.4326928 0.5644565
1141.355 pos 0.3914565 0.5919078
1141.454 pos 0.3684891 0.6036941
1141.554 pos 0.3294321 0.5985137
1141.653 pos 0.2252202 0.572363
1141.753 pos 0.1428169 0.5655118
1141.852 pos 0.1109723 0.5669643
1141.935 gestureEnd new
1143.278 gestureStart
1143.278 pos 0.3688849 0.4312936
1143.377 pos 0.3546448 0.4431213
1143.477 pos 0.320089 0.4431616
1143.576 pos 0.2594787 0.4465157
1143.676 pos 0.1823539 0.4655505
1143.775 pos 0.0993524 0.4962211
1143.875 pos 0.08545987 0.4955268
1143.974 pos 0.17297 0.5165316
1144.074 pos 0.2893732 0.5397887
1144.173 pos 0.3203344 0.5595579
1144.273 pos 0.3231562 0.5819388
1144.323 gestureEnd car
1145.218 gestureStart
1145.218 pos -0.2357693 0.329758
1146.362 phrase a fox is a very smart animal
1148.086 gestureStart
1148.086 pos 0.06574135 0.4730482
1148.102 gestureEnd a
1149.03 gestureStart
1149.03 pos 0.3896721 0.5183542
1149.13 pos 0.4816456 0.532715
1149.229 pos 0.8253728 0.5992873
1149.329 pos 1.019645 0.6268368
1149.428 pos 0.9470517 0.6080194
1149.528 pos 0.7664668 0.5545332
1149.627 pos 0.4444912 0.4906268
1149.727 pos 0.2299616 0.4460412
1149.876 pos 0.2434294 0.417661
1149.975 pos 0.2838358 0.4215728
1150.058 gestureEnd flux
1151.119 gestureStart
1151.119 pos 0.3399329 0.6800087
1151.186 select fox
1151.915 gestureStart
1151.915 pos 0.7632955 0.6159386
1152.014 pos 0.7637414 0.6092499
1152.114 pos 0.6463705 0.5902379
1152.213 pos 0.4262305 0.57088
1152.313 pos 0.3958843 0.5640661
1152.412 pos 0.4167652 0.5644549
1152.512 pos 0.396805 0.5550656
1152.611 pos 0.3095668 0.5146013
1152.711 pos 0.2741016 0.5024498
1152.81 pos 0.2577233 0.4777796
1152.91 gestureEnd its
1153.904 gestureStart
1153.904 pos 0.3054198 0.7461735
1153.954 select is
1154.75 gestureStart
1154.75 pos 0.04876325 0.4916504
1154.783 gestureEnd a
1155.661 gestureStart
1155.661 pos 0.4440642 0.4287197
1155.761 pos 0.4076467 0.4733687
1155.86 pos 0.2763005 0.5380018
1155.96 pos 0.2033057 0.5951005
1156.059 pos 0.2465477 0.6024376
1156.159 pos 0.3601205 0.5982054
1156.258 pos 0.4963477 0.6025863
1156.357 pos 0.5990473 0.6100835
1156.407 gestureEnd very
1157.236 gestureStart
1157.236 pos 0.1811782 0.5016931
1157.335 pos 0.2752693 0.5072302
1157.435 pos 0.4662185 0.4814322
1157.534 pos 0.6533614 0.4257281
1157.634 pos 0.7350253 0.3778057
1157.733 pos 0.7544413 0.3711238
1157.833 pos 0.7033379 0.3811385
1157.932 pos 0.5228552 0.4167417
1158.032 pos 0.2743354 0.4331605
1158.131 pos 0.1011605 0.4578227
1158.231 pos 0.0970065 0.4776517
1158.33 pos 0.1413152 0.5130174
1158.43 pos 0.2464394 0.5596049
1158.529 pos 0.3344462 0.5859106
1158.628 pos 0.3946738 0.6083416
1158.728 pos 0.446066 0.6130803
1158.827 pos 0.4637437 0.6116007
1158.86 gestureEnd smart
1159.988 gestureStart
1159.988 pos 0.1216915 0.5201715
1160.087 pos 0.1777408 0.5080963
1160.187 pos 0.3658378 0.4814541
1160.336 pos 0.6154466 0.4181246
1160.435 pos 0.684738 0.4509024
1160.535 pos 0.759253 0.5469146
1160.634 pos 0.764911 0.6207393
1160.734 pos 0.7767763 0.610252
1160.833 pos 0.7437717 0.5419179
1160.933 pos 0.6972826 0.4251014
1161.032 pos 0.6881573 0.3883233
1161.132 pos 0.6828099 0.3766658
1161.231 pos 0.5493507 0.4051772
1161.331 pos 0.2919267 0.4442798
1161.43 pos 0.09157828 0.4784452
1161.529 pos 0.0535069 0.5122852
1161.629 pos 0.150053 0.5178152
1161.728 pos 0.3866757 0.5173523
1161.828 pos 0.7531701 0.511602
1161.927 pos 0.9855438 0.5226154
1162.027 pos 0.9833733 0.5340374
1162.077 gestureEnd animal
1163.088 gestureStart
1163.088 pos -0.3700063 0.3274199
1163.867 phrase no exchange without a bill
1168.044 gestureStart
1168.044 pos 0.6652295 0.3840861
1168.143 pos 0.6751893 0.4003055
1168.243 pos 0.6839672 0.4502299
1168.342 pos 0.7586538 0.5376344
1168.442 pos 0.9390608 0.5762846
1168.541 gestureEnd no
1169.619 gestureStart
1169.619 pos 0.2645708 0.5808181
1169.718 pos 0.2419506 0.5696412
1169.818 pos 0.2320177 0.4867774
1169.917 pos 0.2180559 0.4137748
1170.016 pos 0.2353169 0.4090015
1170.116 pos 0.369238 0.4188085
1170.215 pos 0.468872 0.4662737
1170.315 pos 0.5891943 0.5294064
1170.414 pos 0.6381633 0.5433989
1170.531 pos 0.4512161 0.499208
1170.63 pos 0.1698674 0.4811972
1170.729 pos -0.02214849 0.4993716
1170.829 pos 0.04846159 0.5019446
1170.928 pos 0.2401174 0.4685241
1171.028 pos 0.521327 0.400532
1171.127 pos 0.7274691 0.3845172
1171.227 pos 0.7251526 0.4082907
1171.326 pos 0.6123366 0.4700043
1171.426 pos 0.45869 0.5230359
1171.575 pos 0.2774052 0.5906287
1171.674 pos 0.2711469 0.6099668
1171.741 gestureEnd exchange
1172.669 gestureStart
1172.669 pos 0.1718828 0.5951199
1172.769 pos 0.331645 0.6029287
1172.868 pos 0.6263666 0.6087862
1172.968 pos 0.806985 0.6116458
1173.067 pos 0.6959355 0.5954703
1173.167 pos 0.5434757 0.5793132
1173.266 pos 0.5183983 0.5607413
1173.365 pos 0.5907554 0.4846455
1173.465 pos 0.6771491 0.4805862
1173.564 pos 0.7454426 0.5359912
1173.664 pos 0.8153953 0.6024697
1173.763 pos 0.8416667 0.5988314
1173.863 pos 0.7556522 0.595485
1173.962 pos 0.5912002 0.6053181
1174.062 pos 0.4489266 0.6210802
1174.161 pos 0.4296741 0.6183832
1174.211 gestureEnd without
1175.007 gestureStart
1175.007 pos 0.1006443 0.4773038
1175.074 gestureEnd a
1175.786 gestureStart
1175.786 pos 0.5099919 0.4276659
1175.886 pos 0.5713953 0.4763851
1175.985 pos 0.6571723 0.5337598
1176.085 pos 0.7296032 0.5802941
1176.217 pos 0.8109775 0.59482
1176.366 pos 0.8661913 0.5510672
1176.466 pos 0.90739 0.5206881
1176.532 gestureEnd bill
1177.461 gestureStart
1177.461 pos -0.3568581 0.3907583
1177.527 delete
1177.527 delete
1177.527 delete
1177.527 delete
1177.527 delete
1180.511 gestureStart
1180.511 pos 0.6375072 0.3866061
1180.611 pos 0.6554607 0.4026109
1180.71 pos 0.7037572 0.4940445
1180.81 pos 0.7690968 0.5554531
1180.909 pos 0.8153216 0.5815063
1180.942 gestureEnd no
1181.904 gestureStart
1181.904 pos 0.2216241 0.6070728
1182.004 pos 0.2561863 0.593773
1182.103 pos 0.2736475 0.5424567
1182.203 pos 0.2900278 0.3747394
1182.302 pos 0.3109567 0.2303289
1182.401 pos 0.3064422 0.2463063
1182.501 pos 0.3441846 0.33194
1182.6 pos 0.4787292 0.3667881
1182.7 pos 0.5369322 0.3920239
1182.8 pos 0.5655254 0.4432536
1182.899 pos 0.6078832 0.4780515
1182.998 pos 0.562569 0.4765175
1183.098 pos 0.3239695 0.4714731
1183.197 pos 0.06758185 0.4845133
1183.297 pos 0.04755332 0.4926344
1183.396 pos 0.2746958 0.467831
1183.496 pos 0.542226 0.4125407
1183.595 pos 0.70191 0.4015987
1183.695 pos 0.6597443 0.4435332
1183.794 pos 0.5525956 0.5034533
1183.894 pos 0.3973494 0.5451939
1183.993 pos 0.2551038 0.5774133
1184.093 pos 0.2208497 0.6056348
1184.159 gestureEnd exchange
1185.27 gestureStart
1185.27 pos 0.2168241 0.5832242
1185.369 pos 0.07543167 0.5826456
1185.469 pos -0.008790302 0.5811629
1185.568 pos 0.1303713 0.5762356
1185.668 pos 0.3886048 0.6060559
1185.767 pos 0.722393 0.6186012
1185.866 pos 0.8875454 0.5978244
1185.966 pos 0.7959287 0.5859162
1186.066 pos 0.6422403 0.6062394
1186.165 pos 0.4930699 0.6042947
1186.264 pos 0.4454287 0.5861573
1186.364 pos 0.5192993 0.5206471
1186.464 pos 0.6459489 0.5019817
1186.563 pos 0.7619519 0.5298185
1186.662 pos 0.8686137 0.5532684
1186.762 pos 0.9513267 0.5487983
1186.861 pos 0.8956453 0.5745976
1186.961 pos 0.7657357 0.5940745
1187.061 pos 0.6394139 0.6066855
1187.16 pos 0.55541 0.6065537
1187.26 pos 0.5240334 0.5991387
1187.342 gestureEnd strongly
1190.045 gestureStart
1190.045 pos -0.3777513 0.4570211
1191.139 gestureStart
1191.139 pos -0.4624119 0.4839027
1191.189 delete
1191.189 delete
1191.189 delete
1192.515 gestureStart
1192.515 pos 0.6413084 0.3916868
1192.614 pos 0.7080861 0.4874436
1192.714 pos 0.80785 0.5689607
1192.813 pos 0.8106385 0.5999814
1192.847 gestureEnd no
1193.659 gestureStart
1193.659 pos 0.247853 0.5793641
1193.758 pos 0.2556158 0.4966268
1193.858 pos 0.3149456 0.3983951
1193.957 pos 0.3131269 0.4025491
1194.057 pos 0.3214772 0.4253539
1194.156 pos 0.4211314 0.4456904
1194.256 pos 0.4742799 0.4498331
1194.355 pos 0.5152231 0.4906101
1194.455 pos 0.5680254 0.5057338
1194.554 pos 0.5227028 0.4792753
1194.654 pos 0.2982379 0.4515969
1194.753 pos 0.01568747 0.4611012
1194.852 pos -0.03624797 0.4677266
1194.952 pos 0.1714233 0.4676522
1195.052 pos 0.4799479 0.4437982
1195.151 pos 0.739951 0.4130049
1195.25 pos 0.8110747 0.4125282
1195.35 pos 0.7141175 0.448962
1195.449 pos 0.5756137 0.5084186
1195.549 pos 0.4474842 0.5570111
1195.648 pos 0.3244813 0.5760404
1195.748 pos 0.2319892 0.5828074
1195.847 pos 0.2347047 0.5826663
1195.88 gestureEnd snake
1197.803 delete
1197.803 delete
1198.831 gestureStart
1198.831 pos 0.6744919 0.4089166
1198.93 pos 0.6731351 0.4179758
1199.03 pos 0.6934007 0.4758348
1199.13 pos 0.7697435 0.5791699
1199.229 pos 0.8273021 0.6340653
1199.328 pos 0.8378293 0.6465071
1199.378 gestureEnd no
1200.24 gestureStart
1200.24 pos 0.2627507 0.7010977
1200.339 pos 0.2752897 0.6809034
1200.439 pos 0.2726975 0.6567206
1200.538 pos 0.2652679 0.5925666
1200.638 pos 0.2535465 0.5052009
1200.737 pos 0.2569748 0.474127
1200.837 pos 0.2780935 0.4147579
1200.936 pos 0.3244982 0.400663
1201.036 pos 0.4428764 0.4390005
1201.135 pos 0.5035443 0.4542662
1201.235 pos 0.496388 0.4610065
1201.334 pos 0.5206202 0.4507593
1201.434 pos 0.5580137 0.4517221
1201.533 pos 0.580068 0.4660147
1201.632 pos 0.595487 0.4668359
1201.732 pos 0.4355475 0.4558492
1201.832 pos 0.1642202 0.4498021
1201.931 pos 0.03045324 0.4601572
1202.03 pos 0.2018738 0.4452036
1202.13 pos 0.4689748 0.4202626
1202.229 pos 0.650604 0.396663
1202.329 pos 0.6431512 0.418422
1202.428 pos 0.5306495 0.4908417
1202.561 pos 0.3447501 0.5579236
1202.66 pos 0.2734855 0.5873796
1202.76 pos 0.2977668 0.6000422
1204.036 gestureStart
1204.036 pos -0.4046732 0.4297991
1204.102 delete
1205.163 gestureStart
1205.163 pos 0.6763525 0.3767856
1205.263 pos 0.6640373 0.3753453
1205.362 pos 0.6706802 0.4153412
1205.462 pos 0.7525781 0.5061826
1205.561 pos 0.8536963 0.5649409
1205.661 pos 0.8646132 0.5963153
1205.71 gestureEnd no
1206.722 gestureStart
1206.722 pos 0.2549917 0.5809109
1206.821 pos 0.2573545 0.5368479
1206.921 pos 0.2610016 0.4484896
1207.02 pos 0.2705889 0.4342566
1207.12 pos 0.3209649 0.4333818
1207.219 pos 0.4229304 0.4321693
1207.318 pos 0.4991456 0.4830338
1207.418 pos 0.5714865 0.5302045
1207.517 pos 0.549909 0.5246035
1207.617 pos 0.3652421 0.5026111
1207.716 pos 0.1064844 0.4840165
1207.816 pos -0.01819434 0.4850556
1207.915 pos 0.1247172 0.4688636
1208.015 pos 0.3996704 0.4257376
1208.114 pos 0.6400589 0.4011493
1208.214 pos 0.6687334 0.4071229
1208.313 pos 0.5933861 0.4536712
1208.413 pos 0.4501154 0.5081404
1208.512 pos 0.3012669 0.5454766
1208.611 pos 0.2604877 0.5659768
1208.711 gestureEnd exchange
1209.341 gestureStart
1209.341 pos 0.1888482 0.5554938
1209.44 pos 0.1675221 0.5522462
1209.54 pos 0.183575 0.5561945
1209.639 pos 0.4307198 0.5624481
1209.739 pos 0.6727375 0.5840399
1209.838 pos 0.6754457 0.5867414
1209.938 pos 0.5360729 0.5908193
1210.037 pos 0.4732135 0.584485
1210.137 pos 0.4677073 0.5853485
1210.236 pos 0.5722003 0.5753902
1210.336 pos 0.6915039 0.5050546
1210.435 pos 0.7149224 0.4962578
1210.535 pos 0.7375225 0.5137745
1210.634 pos 0.8095245 0.5609983
1210.734 pos 0.864961 0.5903368
1210.833 pos 0.8331006 0.6045805
1210.932 pos 0.7028236 0.6253565
1211.032 pos 0.5615221 0.6346066
1211.131 pos 0.4645845 0.6322029
1211.231 pos 0.4423013 0.6183361
1211.33 gestureEnd without
1212.159 gestureStart
1212.159 pos 0.07143668 0.4803323
1212.242 gestureEnd a
1212.988 gestureStart
1212.988 pos 0.5077503 0.3663539
1213.087 pos 0.5235527 0.3821604
1213.187 pos 0.6393225 0.4200419
1213.286 pos 0.7716854 0.4679953
1213.386 pos 0.7956802 0.5013379
1213.485 pos 0.7830529 0.5179068
1213.585 pos 0.7715136 0.5396827
1213.684 pos 0.7621818 0.5793191
1213.784 pos 0.7718869 0.5848111
1213.883 pos 0.8019347 0.5592847
1213.983 pos 0.8620185 0.5096182
1214.082 pos 0.8870875 0.4968293
1214.232 gestureEnd book
1215.177 gestureStart
1215.177 pos 0.6740601 0.6927142
1215.243 select bill
1216.072 gestureStart
1216.072 pos -0.3784468 0.3124387
1216.95 phrase where did you get that tie
1220.232 gestureStart
1220.232 pos 0.1523662 0.6156093
1220.332 pos 0.2554117 0.5915442
1220.431 pos 0.4346414 0.5620351
1220.531 pos 0.5870723 0.5492463
1220.63 pos 0.5355303 0.5553011
1220.73 pos 0.4223754 0.5567702
1220.829 pos 0.3495607 0.5781884
1220.928 pos 0.2789149 0.5990616
1221.028 pos 0.2378125 0.6116891
1221.127 pos 0.2306968 0.6020263
1221.227 pos 0.3323296 0.5992653
1221.326 pos 0.4318718 0.6034148
1221.359 gestureEnd wrist
1223.398 gestureStart
1223.398 pos -0.4048778 0.4623922
1223.432 delete
1224.741 gestureStart
1224.741 pos 0.2383253 0.5868716
1224.84 pos 0.4023021 0.5621825
1224.94 pos 0.5373088 0.5206071
1225.039 pos 0.5504972 0.5162945
1225.139 pos 0.4972318 0.5393078
1225.238 pos 0.4483944 0.5574007
1225.338 pos 0.354262 0.5781187
1225.437 pos 0.2358868 0.5965877
1225.536 pos 0.1687615 0.5972372
1225.636 pos 0.1982468 0.5940967
1225.735 pos 0.2979686 0.5799671
1225.835 pos 0.3671225 0.5786965
1225.934 pos 0.3841351 0.5767763
1225.951 gestureEnd wheat
1227.558 gestureStart
1227.558 pos -0.3833264 0.465974
1227.608 delete
1228.735 gestureStart
1228.735 pos 0.1734818 0.5830532
1228.835 pos 0.3562933 0.5571403
1228.934 pos 0.5536292 0.5343349
1229.034 pos 0.6012597 0.5166307
1229.133 pos 0.5515654 0.5101917
1229.232 pos 0.4397268 0.5391596
1229.332 pos 0.2920415 0.5745732
1229.432 pos 0.2247337 0.5973394
1229.531 pos 0.2403078 0.5992645
1229.63 pos 0.2742135 0.5973625
1229.73 pos 0.3063046 0.5929011
1229.829 pos 0.2922925 0.5939909
1229.929 pos 0.2881763 0.5911301
1230.028 pos 0.311232 0.5892945
1230.128 pos 0.2998823 0.5821611
1230.227 pos 0.2636853 0.5683541
1230.244 gestureEnd where
1231.255 gestureStart
1231.255 pos 0.3361255 0.4830071
1231.354 pos 0.3231019 0.4906497
1231.454 pos 0.4242888 0.5145755
1231.553 pos 0.7434344 0.5491722
1231.653 pos 0.8472185 0.5645499
1231.752 pos 0.7037538 0.5568962
1231.852 pos 0.5469897 0.5318187
1231.951 pos 0.4128248 0.506292
1232.051 pos 0.3780073 0.4917397
1232.15 pos 0.3623248 0.4846078
1232.25 pos 0.2091242 0.4896916
1232.349 pos 0.1272449 0.4942074
1232.366 gestureEnd dogs
1233.94 gestureStart
1233.94 pos -0.4430136 0.4381694
1233.974 delete
1233.974 delete
1234.885 gestureStart
1234.885 pos 0.1828292 0.5744227
1234.985 pos 0.2053652 0.5736336
1235.084 pos 0.3641005 0.5632239
1235.233 pos 0.6130958 0.5260862
1235.333 pos 0.6215483 0.5157607
1235.432 pos 0.575156 0.5089366
1235.532 pos 0.430994 0.5368418
1235.631 pos 0.2864642 0.5704541
1235.731 pos 0.2622752 0.5814052
1235.83 pos 0.2846468 0.5869076
1235.93 pos 0.3098182 0.5877213
1236.029 pos 0.3691211 0.5912629
1236.145 gestureEnd suffer
1238.632 gestureStart
1238.632 pos -0.4404284 0.4075741
1238.731 pos -0.4251643 0.4062759
1238.765 delete
1240.124 gestureStart
1240.124 pos 0.1629883 0.5856491
1240.223 pos 0.1694576 0.5797364
1240.323 pos 0.3124721 0.5279266
1240.422 pos 0.4518472 0.4819033
1240.521 pos 0.4651962 0.4813411
1240.621 pos 0.4658015 0.5058361
1240.72 pos 0.5727755 0.530099
1240.869 pos 0.6536593 0.5440207
1240.969 pos 0.605208 0.5587561
1241.068 pos 0.4957111 0.5675088
1241.168 pos 0.3920584 0.5631313
1241.267 pos 0.3351783 0.570276
1241.367 pos 0.3110022 0.5759314
1241.466 pos 0.3003848 0.5748492
1241.566 pos 0.2785207 0.5689402
1241.665 pos 0.2163758 0.5600455
1241.765 pos 0.2153367 0.5635672
1241.864 pos 0.2648681 0.5669995
1241.964 pos 0.3127318 0.5774195
1242.063 pos 0.3359591 0.5874445
1242.162 pos 0.3036008 0.5878354
1242.262 pos 0.2385803 0.5861164
1242.361 pos 0.223644 0.5872468
1242.428 gestureEnd where
1243.24 gestureStart
1243.24 pos 0.3109308 0.4891893
1243.339 pos 0.3186373 0.5068937
1243.439 pos 0.4491985 0.5410767
1243.538 pos 0.6609552 0.5848277
1243.638 pos 0.7700492 0.6201547
1243.737 pos 0.7480416 0.6112228
1243.837 pos 0.6086268 0.5598049
1243.936 pos 0.4112767 0.515578
1244.035 pos 0.2893987 0.494803
1244.135 pos 0.2942447 0.4842487
1244.234 pos 0.3093268 0.4819703
1244.268 gestureEnd did
1245.08 gestureStart
1245.08 pos 0.582724 0.5672081
1245.179 pos 0.5797064 0.5627871
1245.279 pos 0.5960085 0.5646635
1245.378 pos 0.7457795 0.5808712
1245.478 pos 0.8619074 0.5813156
1245.577 pos 0.8687754 0.5793213
1245.677 pos 0.8214011 0.5801616
1245.776 pos 0.7035101 0.5775077
1245.876 pos 0.6291174 0.5808706
1245.975 pos 0.6271861 0.5818179
1246.025 gestureEnd you
1247.202 gestureStart
1247.202 pos 0.4780577 0.4892319
1247.301 pos 0.5076613 0.4900985
1247.401 pos 0.5238413 0.4978434
1247.5 pos 0.4447055 0.5225031
1247.6 pos 0.3978059 0.613747
1247.699 pos 0.4075163 0.6119734
1247.799 pos 0.3831137 0.6106725
1247.898 pos 0.3212856 0.5888202
1247.998 pos 0.2761216 0.5844421
1248.097 pos 0.252238 0.5767516
1248.197 pos 0.2682074 0.5729376
1248.296 pos 0.3324884 0.5831769
1248.396 pos 0.4293636 0.5875917
1248.495 pos 0.4681674 0.5861146
1248.561 gestureEnd get
1249.258 gestureStart
1249.258 pos 0.4528642 0.5852265
1249.357 pos 0.4655432 0.5720654
1249.457 pos 0.5129516 0.5585023
1249.556 pos 0.5814785 0.5362493
1249.655 pos 0.6137857 0.5144247
1249.755 pos 0.5825893 0.5064394
1249.854 pos 0.4156957 0.5050802
1249.954 pos 0.2384735 0.5053774
1250.053 pos 0.1488791 0.5030025
1250.153 pos 0.1472216 0.5068731
1250.252 pos 0.1632312 0.5053262
1250.352 pos 0.1779263 0.5029308
1250.451 pos 0.2979873 0.5293275
1250.551 pos 0.4038683 0.5502516
1250.65 pos 0.4344264 0.562553
1250.75 pos 0.4474653 0.5688073
1250.799 gestureEnd that
1251.429 gestureStart
1251.429 pos 0.4322971 0.581447
1251.529 pos 0.448657 0.5770838
1251.628 pos 0.5092289 0.5684904
1251.728 pos 0.6391271 0.5617666
1251.827 pos 0.7392543 0.5516107
1251.927 pos 0.7198756 0.551852
1252.026 pos 0.5988796 0.5536596
1252.126 pos 0.4280452 0.5533756
1252.225 pos 0.2977432 0.5557685
1252.325 pos 0.2614029 0.5548857
1252.424 pos 0.2698346 0.5505174
1252.49 gestureEnd this
1253.667 gestureStart
1253.667 pos 0.107999 0.6654986
1253.717 select tie
1254.629 gestureStart
1254.629 pos -0.292879 0.3234369
1255.424 phrase vote according to your conscience
1257.778 gestureStart
1257.778 pos 0.4969965 0.436384
1257.877 pos 0.7010682 0.4810517
1257.977 pos 0.924625 0.5594519
1258.076 pos 0.9927866 0.6041299
1258.176 pos 0.8245182 0.6197979
1258.275 pos 0.6057242 0.6109658
1258.375 pos 0.4197537 0.5966566
1258.474 pos 0.2938597 0.5881198
1258.574 pos 0.196943 0.5717564
1258.673 gestureEnd blue
1259.883 gestureStart
1259.883 pos 0.4789643 0.6980361
1259.983 pos 0.4810399 0.6926289
1259.999 select vote
1260.513 gestureStart
1260.513 pos 0.1425105 0.4831997
1260.613 pos 0.2500035 0.4772584
1260.712 pos 0.3868213 0.4050392
1260.812 pos 0.4902202 0.3802972
1260.911 pos 0.627678 0.4418792
1261.01 pos 0.88012 0.5270265
1261.11 pos 1.063059 0.5805193
1261.209 pos 0.959496 0.6040966
1261.309 pos 0.704228 0.6204354
1261.408 pos 0.5031041 0.612779
1261.508 pos 0.438318 0.5698767
1261.607 pos 0.4351014 0.5211588
1261.707 pos 0.3879404 0.4860056
1261.806 pos 0.3719241 0.4712911
1261.906 pos 0.4366847 0.4618216
1262.005 pos 0.5933999 0.4892977
1262.105 pos 0.7380689 0.5546852
1262.204 pos 0.7743144 0.565421
1262.304 pos 0.7368113 0.540758
1262.403 pos 0.6617342 0.4639076
1262.552 pos 0.6229292 0.4188033
1262.652 pos 0.5859667 0.4130597
1262.751 pos 0.4577715 0.4337796
1262.851 pos 0.3825088 0.4716651
1262.884 gestureEnd simplified
1264.591 delete
1264.591 delete
1265.802 gestureStart
1265.802 pos 0.4681127 0.3790626
1265.901 pos 0.4658976 0.3891655
1266 pos 0.5686346 0.4455179
1266.1 pos 0.7850511 0.5241308
1266.199 pos 0.8143768 0.5779845
1266.299 pos 0.6321638 0.5986409
1266.398 pos 0.416263 0.6053457
1266.498 pos 0.2610556 0.6160443
1266.597 pos 0.1865367 0.6107657
1266.647 gestureEnd vote
1267.459 gestureStart
1267.459 pos 0.06825504 0.4641447
1267.559 pos 0.1626409 0.4604287
1267.658 pos 0.2786913 0.4024456
1267.757 pos 0.3785835 0.4042694
1267.857 pos 0.6440753 0.4770747
1267.956 pos 0.9484423 0.5543421
1268.056 pos 0.961262 0.5868046
1268.205 pos 0.6755108 0.6142821
1268.305 pos 0.478981 0.6149091
1268.404 pos 0.3654718 0.6160647
1268.503 pos 0.4154572 0.5949026
1268.603 pos 0.3973443 0.5378076
1268.702 pos 0.3413068 0.4901379
1268.802 pos 0.3255185 0.4709762
1268.901 pos 0.3719283 0.4631581
1269.001 pos 0.5354471 0.4842441
1269.1 pos 0.7068892 0.5194407
1269.2 pos 0.7525533 0.526374
1269.299 pos 0.7289514 0.5141304
1269.399 pos 0.6853374 0.4484451
1269.498 pos 0.678263 0.3728097
1269.598 pos 0.669003 0.3423218
1269.697 pos 0.6189832 0.352281
1269.797 pos 0.533663 0.3980678
1269.896 pos 0.4779854 0.4578015
1269.995 pos 0.4732997 0.4874342
1270.045 gestureEnd according
1271.073 gestureStart
1271.073 pos 0.4347535 0.57762
1271.172 pos 0.5196462 0.5980755
1271.272 pos 0.7431346 0.611511
1271.371 pos 0.8939651 0.6223871
1271.438 gestureEnd to
1272.383 gestureStart
1272.383 pos 0.5560992 0.5885314
1272.482 pos 0.6025537 0.6005731
1272.582 pos 0.7988842 0.6086165
1272.681 pos 0.8947307 0.6101419
1272.781 pos 0.7791234 0.5939441
1272.88 pos 0.5976088 0.5750189
1272.979 pos 0.442139 0.5683141
1273.079 pos 0.4166059 0.5727434
1273.178 pos 0.4468605 0.575909
1273.195 gestureEnd your
1274.67 gestureStart
1274.67 pos 0.4073342 0.4136488
1274.77 pos 0.4644962 0.4785512
1274.869 pos 0.6494764 0.5782269
1274.969 pos 0.9014896 0.6396642
1275.068 pos 1.018105 0.6208566
1275.168 pos 0.9232497 0.5401878
1275.267 pos 0.7804232 0.4421603
1275.367 pos 0.6058365 0.3894993
1275.466 pos 0.401641 0.4068377
1275.566 pos 0.266107 0.4629667
1275.665 pos 0.2610622 0.4934462
1275.764 pos 0.2900236 0.5003127
1275.864 pos 0.3870448 0.4465643
1275.963 pos 0.4920594 0.422027
1276.063 pos 0.5422433 0.4784343
1276.162 pos 0.6134627 0.5999157
1276.262 pos 0.7095355 0.6477717
1276.361 pos 0.7547467 0.6548355
1276.461 pos 0.7489407 0.6461589
1276.56 pos 0.6492319 0.6226876
1276.66 pos 0.4318762 0.5921264
1276.759 pos 0.3218197 0.5648678
1276.859 pos 0.3172319 0.5633023
1276.958 pos 0.3448905 0.5405813
1277.057 pos 0.4822514 0.4719275
1277.157 pos 0.7000265 0.4117868
1277.256 pos 0.7632475 0.3743402
1277.356 pos 0.6934828 0.3810742
1277.455 pos 0.5836388 0.3952349
1277.555 pos 0.4783617 0.3930354
1277.654 pos 0.3606452 0.390669
1277.754 pos 0.2538521 0.4081466
1277.853 pos 0.2244288 0.433509
1277.953 pos 0.2657058 0.514643
1278.052 pos 0.2978605 0.5896428
1278.152 pos 0.2995415 0.6025891
1278.251 pos 0.2950228 0.6076795
1278.35 gestureEnd conscience
1279.461 gestureStart
1279.461 pos -0.2289946 0.3127786
1279.561 pos -0.249881 0.2951039
1281.036 gestureStart
1281.036 pos -0.2380927 0.3450987
1281.931 phrase always cover all the bases
1284.268 gestureStart
1284.268 pos 0.09255342 0.5295126
1284.368 pos 0.1226187 0.5224336
1284.467 pos 0.2602563 0.5161657
1284.567 pos 0.6427854 0.5404393
1284.666 pos 0.9623148 0.543313
1284.766 pos 0.88222 0.5166842
1284.865 pos 0.61973 0.5042872
1285.014 pos 0.3116683 0.6066413
1285.114 pos 0.2777245 0.6050662
1285.213 pos 0.2236135 0.5936133
1285.313 pos 0.1621227 0.5721628
1285.412 pos 0.08802371 0.5535937
1285.511 pos 0.06945664 0.5271379
1285.611 pos 0.1062675 0.4936834
1285.71 pos 0.1624902 0.5039397
1285.81 pos 0.3249848 0.5557632
1285.909 pos 0.5071793 0.5870421
1286.009 pos 0.5566977 0.5918057
1286.108 pos 0.5295182 0.5899379
1286.208 pos 0.4233307 0.5581964
1286.307 pos 0.2762212 0.5055962
1286.406 pos 0.2230671 0.4807688
1286.506 pos 0.2158195 0.4720314
1286.605 pos 0.2253166 0.4685749
1286.639 gestureEnd always
1287.484 gestureStart
1287.484 pos 0.3572741 0.41452
1287.583 pos 0.4553067 0.4752322
1287.683 pos 0.6883896 0.5447811
1287.782 pos 0.8083357 0.5274436
1287.882 pos 0.6952786 0.4630324
1287.981 pos 0.5609649 0.4158193
1288.081 pos 0.467836 0.3565532
1288.18 pos 0.445902 0.3316232
1288.28 pos 0.4317715 0.3410434
1288.379 pos 0.3862187 0.4228907
1288.479 pos 0.2977881 0.4934328
1288.578 pos 0.2384111 0.5265166
1288.677 pos 0.2512046 0.5512899
1288.777 pos 0.3120972 0.6040675
1288.876 pos 0.3293561 0.6386732
1288.976 pos 0.3296559 0.6415738
1289.026 gestureEnd cover
1289.838 gestureStart
1289.838 pos -0.03793204 0.4693901
1289.937 pos 0.09245436 0.484844
1290.037 pos 0.4211187 0.5070641
1290.136 pos 0.778062 0.52828
1290.236 pos 0.9130878 0.5179374
1290.335 pos 0.8863062 0.4913623
1292.938 gestureStart
1292.938 pos -0.424301 0.4510764
1292.988 delete
1292.988 delete
1294.297 gestureStart
1294.297 pos 0.1187345 0.5070029
1294.396 pos 0.1150268 0.5020201
1294.496 pos 0.141137 0.4943989
1294.595 pos 0.5315173 0.5000434
1294.695 pos 1.066676 0.471405
1294.794 pos 1.129061 0.4697552
1294.894 pos 0.7730703 0.5367432
1294.993 pos 0.4707721 0.629784
1295.092 pos 0.2726623 0.6843483
1295.192 pos 0.1986163 0.6540052
1295.292 pos 0.1119727 0.5880463
1295.391 pos 0.05358572 0.5564366
1295.49 pos 0.06718548 0.5068118
1295.59 pos 0.186599 0.4861473
1295.689 pos 0.3332551 0.5123567
1295.789 pos 0.5243931 0.5689967
1295.888 pos 0.6523737 0.5773219
1295.988 pos 0.6019385 0.5886544
1296.087 pos 0.4390588 0.5457772
1296.253 pos 0.2440795 0.5049481
1296.352 pos 0.2299934 0.5132433
1296.452 pos 0.1407762 0.5198682
1296.502 gestureEnd always
1297.563 gestureStart
1297.563 pos 0.2686746 0.4026068
1297.662 pos 0.3157114 0.4064884
1297.762 pos 0.3553964 0.3834285
1297.861 pos 0.4250244 0.3824179
1297.96 pos 0.537182 0.4818941
1298.06 pos 0.7422624 0.5840364
1298.16 pos 0.9274257 0.6252691
1298.259 pos 0.9651387 0.6663665
1298.359 pos 0.8390147 0.6159555
1298.458 pos 0.6536759 0.5241383
1298.557 pos 0.5361475 0.4258059
1298.657 pos 0.5016611 0.4236739
1298.756 pos 0.4939056 0.4240175
1298.856 pos 0.4000598 0.4680769
1298.955 pos 0.227467 0.5178351
1299.055 pos 0.1908654 0.5535018
1299.154 pos 0.2399882 0.5906433
1299.254 pos 0.2843154 0.5903981
1299.353 pos 0.3094421 0.5933972
1299.453 pos 0.3581675 0.5929435
1299.519 gestureEnd cover
1300.497 gestureStart
1300.497 pos 0.1233048 0.4417911
1300.597 pos 0.1410331 0.4635602
1300.696 pos 0.1405846 0.4849208
1300.796 pos 0.1570348 0.5157145
1300.895 pos 0.3352575 0.5546817
1300.995 pos 0.6615602 0.5420679
1301.094 pos 0.9125326 0.5203932
1301.193 pos 0.9461098 0.5225366
1301.293 pos 0.8803616 0.5105052
1301.376 gestureEnd sell
1302.503 gestureStart
1302.503 pos 0.6776123 0.7019539
1302.57 select all
1303.282 gestureStart
1303.282 pos 0.4091749 0.5435548
1303.382 pos 0.4516951 0.5367274
1303.481 pos 0.5398296 0.5040936
1303.581 pos 0.5966972 0.4944961
1303.68 pos 0.6171561 0.4929251
1303.78 pos 0.5028451 0.5291287
1303.879 pos 0.2987162 0.5789642
1303.979 pos 0.1868705 0.6072575
1304.078 pos 0.2027098 0.6090628
1304.111 gestureEnd the
1305.089 gestureStart
1305.089 pos 0.5249808 0.4188209
1305.189 pos 0.407557 0.434772
1305.288 pos 0.2130024 0.4650629
1305.388 pos 0.1401546 0.4916626
1305.487 pos 0.2277876 0.5008217
1305.587 pos 0.2900643 0.5166572
1305.686 pos 0.2945379 0.5368178
1305.786 pos 0.2840952 0.5468988
1305.885 pos 0.2770607 0.542634
1305.985 pos 0.2735822 0.5296233
1306.084 pos 0.2648709 0.4983504
1306.184 pos 0.2032563 0.4659633
1306.283 pos 0.1555197 0.4607592
1306.383 pos 0.1765359 0.4700487
1306.482 pos 0.2061211 0.4827988
1306.499 gestureEnd bars
1307.709 gestureStart
1307.709 pos 0.1634706 0.716068
1307.742 select bases
1308.505 gestureStart
1308.505 pos -0.2243374 0.3298974
