76.6363 session headOnly_0.9_1
76.6363 phrase effort is what it will take
77.83036 gestureStart
77.83036 pos 0.4541085 0.4563196
77.84839 pos 0.4650246 0.461794
77.88375 pos 0.4759366 0.4781771
77.91769 pos 0.4868432 0.4890908
77.95068 pos 0.4977495 0.5
77.99081 pos 0.4977477 0.5
78.02425 pos 0.4977477 0.5
78.05888 pos 0.4977477 0.5
78.0977 pos 0.492292 0.5
78.1324 pos 0.4595497 0.5
78.16691 pos 0.4212779 0.505465
78.20657 pos 0.3828584 0.5109563
78.23975 pos 0.3608096 0.510976
78.27286 pos 0.3442153 0.5219876
78.31129 pos 0.3164391 0.5275676
78.34478 pos 0.2940907 0.5331735
78.37843 pos 0.2659724 0.5333011
78.41911 pos 0.2319235 0.5502293
78.45329 pos 0.2147572 0.5615852
78.48676 pos 0.2090098 0.5616472
78.52586 pos 0.2090098 0.5616472
78.55895 pos 0.2090098 0.5616472
78.59289 pos 0.2262059 0.5670627
78.63366 pos 0.2319129 0.5725942
78.66736 pos 0.2319104 0.5725942
78.70476 pos 0.2376073 0.5725271
78.73907 pos 0.2432957 0.5724614
78.77189 pos 0.2432932 0.5724614
78.8108 pos 0.2546383 0.5723346
78.84536 pos 0.2546353 0.5723346
78.87922 pos 0.2602925 0.5722734
78.9184 pos 0.2715797 0.5721555
78.95181 pos 0.2772093 0.5720987
78.98461 pos 0.2940522 0.571937
79.02261 pos 0.3163971 0.5662126
79.05758 pos 0.3275242 0.5550932
79.0922 pos 0.3386234 0.5440132
79.13253 pos 0.3496983 0.5329681
79.16798 pos 0.3607505 0.5164646
79.20015 pos 0.3607469 0.510976
79.23895 pos 0.3607469 0.5054879
79.27211 pos 0.3662639 0.5054853
79.30478 pos 0.3827881 0.5
79.34372 pos 0.3882864 0.5
79.37713 pos 0.3937781 0.5
79.41042 pos 0.3992663 0.5
79.44984 pos 0.4102356 0.5054682
79.48447 pos 0.4485371 0.5218373
79.5186 pos 0.4867431 0.5327342
79.55764 pos 0.5467606 0.5546143
79.59233 pos 0.5960144 0.5711892
79.62698 pos 0.6400409 0.5879554
79.66804 pos 0.6788441 0.593837
79.70056 pos 0.7067646 0.5997139
79.73401 pos 0.7348875 0.6000988
79.77257 pos 0.7803782 0.6120781
79.80585 pos 0.8091663 0.6126562
79.83939 pos 0.8324203 0.6188509
79.87838 pos 0.8558912 0.6194234
79.91245 pos 0.8558909 0.6194234
79.94643 pos 0.8677131 0.6197255
79.98713 pos 0.8736469 0.6256235
80.0209 pos 0.8736469 0.6256235
80.05524 pos 0.8500019 0.6249905
80.0957 pos 0.7746549 0.6175988
80.12891 pos 0.6621764 0.6158215
80.16281 pos 0.5960138 0.6151972
80.2024 pos 0.5412992 0.6094205
80.23592 pos 0.4867425 0.6038728
80.27448 pos 0.4539951 0.6039373
80.30771 pos 0.3937637 0.5932259
80.34106 pos 0.3496638 0.5825197
80.37417 pos 0.3274805 0.5827059
80.41171 pos 0.2940001 0.5830344
80.44466 pos 0.2658811 0.5833539
80.47773 pos 0.2658793 0.5833539
80.51704 pos 0.2715193 0.5832867
80.55069 pos 0.2939915 0.5830345
80.58357 pos 0.3107616 0.5828629
80.62187 pos 0.3330203 0.582657
80.65575 pos 0.360698 0.5824364
80.68915 pos 0.3717294 0.5823596
80.72895 pos 0.3937361 0.5822248
80.76213 pos 0.4156787 0.5821155
80.79619 pos 0.4266292 0.5820704
80.83471 pos 0.4375668 0.5820314
80.86799 pos 0.4539587 0.5874677
80.90622 pos 0.4648761 0.6039079
80.93922 pos 0.4757876 0.6258919
80.97272 pos 0.4812394 0.6980028
81.01085 pos 0.4757828 0.7260792
81.0443 pos 0.4703234 0.7430438
82.03615 select effort
82.86047 gestureStart
82.86047 pos 0.5412359 0.5163723
82.87979 pos 0.5248618 0.5054553
82.91582 pos 0.4757667 0.4836335
82.94907 pos 0.4648505 0.4781725
82.98247 pos 0.4648505 0.4781725
83.02224 pos 0.5139459 0.4945454
83.05566 pos 0.5795022 0.5218629
83.08871 pos 0.6234272 0.5438632
83.12888 pos 0.6510277 0.5659861
83.16177 pos 0.6676562 0.5771378
83.19633 pos 0.6899197 0.5939571
83.23637 pos 0.701095 0.6052025
83.27039 pos 0.701095 0.6052025
83.30977 pos 0.701095 0.6052025
83.34559 pos 0.701095 0.6052025
83.37875 pos 0.701095 0.6052025
83.41847 pos 0.7291745 0.6055982
83.45395 pos 0.7461286 0.6114606
83.4883 pos 0.7461288 0.6114606
83.5293 pos 0.7461288 0.6114606
83.56436 pos 0.7348167 0.6056837
83.59824 pos 0.6899198 0.5884116
83.63862 pos 0.5959454 0.5711889
83.67243 pos 0.5303137 0.5436637
83.70616 pos 0.481218 0.5218213
83.7466 pos 0.4156398 0.4890666
83.7807 pos 0.3771931 0.4725935
83.81387 pos 0.3495924 0.4615335
83.85344 pos 0.3162796 0.4503597
83.88806 pos 0.2770863 0.4501125
83.92162 pos 0.2545009 0.4499491
83.96192 pos 0.2431478 0.4498612
83.9955 pos 0.2317558 0.4609395
84.02894 pos 0.2260429 0.4776632
84.0669 pos 0.2260423 0.5167518
84.10236 pos 0.2260423 0.5670646
84.1366 pos 0.2260423 0.5782679
84.17652 pos 0.2374518 0.6117471
84.21071 pos 0.2488176 0.6396338
84.2449 pos 0.2544836 0.6564132
84.28582 pos 0.254481 0.6903832
84.32007 pos 0.2601381 0.7129946
84.35513 pos 0.2657874 0.7357054
85.86227 nextPage
86.54003 nextPage
88.16441 gestureStart
88.16441 pos 0.5138857 0.4563463
88.18335 pos 0.5138857 0.4618067
88.2122 pos 0.5084311 0.4781806
88.25146 pos 0.5084311 0.4945457
88.28357 pos 0.5084311 0.4945457
88.31631 pos 0.5138857 0.4945455
88.35666 pos 0.5520943 0.494541
88.39018 pos 0.6178614 0.5109569
88.42316 pos 0.6675949 0.5275192
88.46101 pos 0.7066323 0.5442433
88.49537 pos 0.7404053 0.5555763
88.52803 pos 0.7688082 0.5670073
88.56795 pos 0.8032483 0.5843058
88.60092 pos 0.8032482 0.5899439
88.63412 pos 0.8090296 0.5956877
88.67263 pos 0.8032483 0.5955855
88.70596 pos 0.7688083 0.5894067
88.73974 pos 0.7010328 0.5718922
88.77756 pos 0.6454353 0.5659516
88.81252 pos 0.5684947 0.5546581
88.84488 pos 0.492068 0.532733
88.88408 pos 0.4265324 0.5163916
88.91785 pos 0.3826396 0.5054781
88.95209 pos 0.3495332 0.5054935
88.99111 pos 0.316218 0.4944872
89.02427 pos 0.2938672 0.4889441
89.05685 pos 0.2826429 0.483391
89.09579 pos 0.2657436 0.4778013
89.12974 pos 0.2544309 0.4722035
89.16331 pos 0.2430795 0.4721547
89.20229 pos 0.2259767 0.4720772
89.23499 pos 0.2202528 0.4776414
89.26965 pos 0.2202528 0.4944109
89.30829 pos 0.2202528 0.5167682
89.34209 pos 0.2087729 0.54482
89.37543 pos 0.2030128 0.58421
89.41426 pos 0.2087661 0.6575913
89.44777 pos 0.2145102 0.6973475
89.48015 pos 0.2259611 0.731405
91.0591 select gods
92.3158 delete
92.74509 gestureStart
92.74509 pos 0.5410594 0.4563255
92.76418 pos 0.5301422 0.4672581
92.79474 pos 0.5246854 0.4781769
92.82936 pos 0.5192296 0.4836347
92.86794 pos 0.5083199 0.5
92.90096 pos 0.5028656 0.5
92.93358 pos 0.5028656 0.5
92.97266 pos 0.5028656 0.5
93.00729 pos 0.5028656 0.5
93.04058 pos 0.5028656 0.5
93.07817 pos 0.5083199 0.5
93.11112 pos 0.5083199 0.5
93.14437 pos 0.5301422 0.5054557
93.1846 pos 0.5629144 0.5218464
93.21871 pos 0.5848076 0.5328076
93.25139 pos 0.612249 0.5383446
93.28977 pos 0.6563903 0.5605099
93.32298 pos 0.6563903 0.5605099
93.35493 pos 0.6674817 0.5660951
93.3942 pos 0.6730371 0.5661344
93.42766 pos 0.6897442 0.577329
93.46214 pos 0.712125 0.5775463
93.50051 pos 0.7346388 0.5833602
93.53331 pos 0.7516204 0.5891618
93.5722 pos 0.762991 0.5949247
93.60605 pos 0.762991 0.5949247
93.63942 pos 0.762991 0.5949247
93.67345 pos 0.762991 0.5949247
93.71126 pos 0.7516204 0.5947543
93.74431 pos 0.7289969 0.5888631
93.78027 pos 0.6841677 0.5772786
93.81783 pos 0.6453226 0.5659509
93.8504 pos 0.6122484 0.5602834
93.88945 pos 0.568383 0.5491861
93.92241 pos 0.5301417 0.5436636
93.95522 pos 0.4919565 0.5272756
93.98865 pos 0.4537539 0.5218337
94.02859 pos 0.4154649 0.5109335
94.06233 pos 0.3880214 0.505476
94.10155 pos 0.3604711 0.5
94.13543 pos 0.3438769 0.4945034
94.16748 pos 0.3160969 0.4944871
94.2066 pos 0.2993468 0.4889517
94.241 pos 0.2768999 0.488919
94.27515 pos 0.2599724 0.4833376
94.31431 pos 0.2372701 0.483279
94.35017 pos 0.2258568 0.4832477
94.3828 pos 0.2201345 0.4832315
94.42119 pos 0.2143998 0.4832149
94.45635 pos 0.2143973 0.4832149
94.48987 pos 0.2143973 0.4832149
94.52892 pos 0.2143973 0.4832149
94.56203 pos 0.2201295 0.4832315
94.59501 pos 0.220127 0.4832315
94.63405 pos 0.220127 0.4944108
94.66726 pos 0.1971214 0.5280643
94.70126 pos 0.1913369 0.5505878
94.74008 pos 0.179735 0.5902318
94.77526 pos 0.1739122 0.6073431
94.80972 pos 0.173911 0.6243894
94.8504 pos 0.1739109 0.6586172
94.88504 pos 0.1739109 0.6930658
94.91753 pos 0.168076 0.7222328
94.95785 pos 0.1739077 0.7394273
95.60529 select is
96.37323 gestureStart
96.37323 pos 0.4699805 0.5491267
96.39138 pos 0.4754352 0.5436594
96.42485 pos 0.4863442 0.5327343
96.45895 pos 0.5027063 0.5272751
96.49071 pos 0.5081605 0.5272757
96.53056 pos 0.5190702 0.5218214
96.56512 pos 0.524526 0.521823
96.59853 pos 0.524526 0.521823
96.63801 pos 0.524526 0.521823
96.6704 pos 0.524526 0.5163665
96.70361 pos 0.524526 0.5163665
96.74236 pos 0.524526 0.5163665
96.77546 pos 0.524526 0.5163665
96.80857 pos 0.524526 0.5163665
96.84806 pos 0.5027062 0.5163634
96.8814 pos 0.4808865 0.5218214
96.91531 pos 0.4481305 0.5382238
96.95596 pos 0.39885 0.5602381
96.99007 pos 0.3547865 0.5714575
97.02427 pos 0.3103634 0.5884086
97.06363 pos 0.2711084 0.6111792
97.09599 pos 0.242803 0.6228827
97.12945 pos 0.2314098 0.6231085
97.16978 pos 0.2027376 0.6293786
97.20375 pos 0.1853927 0.6297938
97.24368 pos 0.1737646 0.6300845
97.27917 pos 0.1679312 0.6302341
97.31278 pos 0.1679299 0.6302341
97.35085 pos 0.1679299 0.6302341
97.38457 pos 0.16793 0.624536
97.41795 pos 0.1679299 0.6188428
97.45596 pos 0.1679299 0.6188428
97.48943 pos 0.1679299 0.6188428
97.52258 pos 0.1737606 0.6187063
97.56104 pos 0.1969573 0.6181861
97.59648 pos 0.2256819 0.6119633
97.63092 pos 0.2541307 0.6002621
97.67175 pos 0.2991578 0.5996389
97.70544 pos 0.3547496 0.5879966
97.74018 pos 0.3988074 0.5712124
97.77984 pos 0.4207357 0.5656413
97.81464 pos 0.4535426 0.5546138
97.84999 pos 0.4753755 0.5491222
97.88987 pos 0.5081015 0.5381917
97.92367 pos 0.5463017 0.5218338
97.95567 pos 0.5626954 0.5163839
97.9951 pos 0.5791107 0.5054651
98.02888 pos 0.5845883 0.5
98.06286 pos 0.5845883 0.5
98.1042 pos 0.5791107 0.4945349
98.13821 pos 0.5626954 0.4890777
98.17191 pos 0.497193 0.4836365
98.21172 pos 0.4152476 0.483599
98.24498 pos 0.3547291 0.4835264
98.27852 pos 0.2991328 0.4834267
98.31802 pos 0.2256469 0.4776618
98.35165 pos 0.1737173 0.471811
98.38586 pos 0.1385117 0.4716072
98.42599 pos 0.1147464 0.4714589
98.46134 pos 0.07860942 0.4712167
98.50105 pos 0.05416455 0.4710419
98.53525 pos 0.05416174 0.4710419
98.56906 pos 0.05416174 0.4710419
98.60905 pos 0.07860074 0.4827318
98.64394 pos 0.150286 0.5113274
98.67733 pos 0.2084223 0.5336111
98.7167 pos 0.2484039 0.5500976
98.75111 pos 0.2878968 0.5664461
98.78455 pos 0.3102744 0.5717931
98.82372 pos 0.3436257 0.5770492
98.8579 pos 0.3657352 0.5824006
98.89092 pos 0.3822607 0.5877954
98.93037 pos 0.4042345 0.5931633
98.96634 pos 0.4097149 0.5986334
98.99889 pos 0.4206699 0.604076
99.0379 pos 0.442551 0.6094763
99.07101 pos 0.4480117 0.6094553
99.10462 pos 0.4534704 0.6149384
99.14353 pos 0.4589274 0.6149209
99.17793 pos 0.4589274 0.6204262
99.21223 pos 0.4589274 0.6424963
99.25191 pos 0.4589274 0.6646544
99.28589 pos 0.4534645 0.6981177
99.31897 pos 0.4534639 0.7205614
99.84446 select what
100.5243 gestureStart
100.5243 pos 0.5243669 0.549122
100.5424 pos 0.5243669 0.5381982
100.5723 pos 0.5189111 0.5272782
100.6132 pos 0.5080014 0.5109088
100.6472 pos 0.5025471 0.5
100.6819 pos 0.5025471 0.4945458
100.7225 pos 0.5025471 0.4945458
100.7568 pos 0.513456 0.5109092
100.7897 pos 0.5298235 0.5272828
100.829 pos 0.5844878 0.5437506
100.8615 pos 0.6671576 0.5660928
100.8944 pos 0.7174126 0.5776011
100.934 pos 0.7343094 0.5833563
100.967 pos 0.7343094 0.5833563
100.9996 pos 0.7399598 0.5834253
101.0381 pos 0.7399598 0.5834253
101.0719 pos 0.7399598 0.5834253
101.1052 pos 0.7343093 0.5833563
101.1439 pos 0.7061908 0.5941463
101.1785 pos 0.6616089 0.5936642
101.2123 pos 0.5954524 0.5931615
101.2512 pos 0.5516637 0.5929704
101.2848 pos 0.5189108 0.5929017
101.3182 pos 0.4916387 0.5928931
101.3574 pos 0.4588964 0.5929412
101.3908 pos 0.4425062 0.5929893
101.4239 pos 0.4370355 0.5930088
101.4642 pos 0.4315642 0.5985245
101.4971 pos 0.4315618 0.5985245
101.5296 pos 0.4315618 0.5985245
101.5679 pos 0.4370295 0.6094995
101.6 pos 0.4479568 0.6314942
101.6389 pos 0.4479532 0.6758283
101.6725 pos 0.4370188 0.7263236
102.4736 select it
103.1195 gestureStart
103.1195 pos 0.4587734 0.5436747
103.1391 pos 0.4696895 0.5382022
103.1685 pos 0.4805985 0.5381956
103.2086 pos 0.4805968 0.5327364
103.2446 pos 0.4805968 0.5272784
103.2786 pos 0.4915034 0.5218194
103.3186 pos 0.4914999 0.5163638
103.354 pos 0.4914999 0.5163638
103.3873 pos 0.4914999 0.5163638
103.4254 pos 0.4642157 0.5163701
103.4589 pos 0.4532944 0.5163748
103.4923 pos 0.4259576 0.5218571
103.5312 pos 0.3930553 0.532852
103.5647 pos 0.3434126 0.5439921
103.597 pos 0.3044696 0.5552399
103.635 pos 0.2707954 0.5666019
103.6694 pos 0.2424868 0.5780588
103.7015 pos 0.2081784 0.5953889
103.7404 pos 0.1734461 0.6016788
103.7749 pos 0.1559026 0.6077306
103.8087 pos 0.1263818 0.6084074
103.8475 pos 0.1144631 0.6144444
103.884 pos 0.1144598 0.6144444
103.9164 pos 0.1382243 0.613849
103.9552 pos 0.1675961 0.6131616
103.9893 pos 0.2310686 0.6118633
104.0225 pos 0.2932439 0.6108467
104.0616 pos 0.3654837 0.6099922
104.0956 pos 0.414953 0.6096137
104.1289 pos 0.4313735 0.6095255
104.1679 pos 0.4641555 0.6094058
104.2008 pos 0.4859794 0.6093677
104.2336 pos 0.524162 0.6148803
104.2724 pos 0.5788046 0.6150869
104.3057 pos 0.633749 0.6155145
104.3387 pos 0.6725039 0.6159474
104.3771 pos 0.6947919 0.6162452
104.412 pos 0.7172015 0.6165799
104.4452 pos 0.7228246 0.6166695
104.4841 pos 0.7284565 0.622355
104.5176 pos 0.7340974 0.6224538
104.5498 pos 0.7397475 0.6225551
104.5888 pos 0.7397475 0.6225551
104.6227 pos 0.7397475 0.6225551
104.6558 pos 0.7397475 0.6225551
104.694 pos 0.7567555 0.6228741
104.7277 pos 0.7738551 0.6007104
104.7608 pos 0.796809 0.5729537
104.8009 pos 0.8199538 0.5563357
104.8345 pos 0.8374476 0.5452136
104.8688 pos 0.8728155 0.5113834
104.9091 pos 0.9027114 0.4942698
104.9442 pos 0.9087402 0.488523
104.9783 pos 0.9147862 0.4827592
105.0184 pos 0.9147862 0.4827592
105.0516 pos 0.9147862 0.4827592
105.085 pos 0.9147862 0.4827592
105.1237 pos 0.9208497 0.5172659
105.157 pos 0.9208496 0.5633534
105.19 pos 0.9208496 0.621194
105.2296 pos 0.9208496 0.6561074
105.262 pos 0.9208497 0.6971176
105.2956 pos 0.914786 0.7560031
105.8267 select will
106.7178 gestureStart
106.7178 pos 0.5296167 0.5054557
106.7363 pos 0.5187042 0.5
106.7707 pos 0.4968862 0.4945458
106.8061 pos 0.4968829 0.4945458
106.8406 pos 0.4968829 0.4945458
106.8807 pos 0.4968829 0.4945458
106.9165 pos 0.4914277 0.5218194
106.9506 pos 0.4750601 0.5545871
106.9904 pos 0.4641412 0.5600665
107.0251 pos 0.4586786 0.5655455
107.0602 pos 0.4586768 0.5764951
107.1001 pos 0.4586768 0.5764951
107.1339 pos 0.4586768 0.5764951
107.1664 pos 0.4586768 0.5764951
107.206 pos 0.4532132 0.5765068
107.2392 pos 0.4422834 0.5765347
107.2724 pos 0.4258726 0.5765876
107.3103 pos 0.39297 0.576733
107.3442 pos 0.3543944 0.5604478
107.3772 pos 0.2931919 0.5497802
107.4182 pos 0.2480814 0.5389588
107.4519 pos 0.1965623 0.5224525
107.4857 pos 0.179176 0.5112622
107.5267 pos 0.144047 0.5
107.5606 pos 0.1203373 0.4885994
107.5943 pos 0.1083895 0.4828524
107.6345 pos 0.1083887 0.4828524
107.6673 pos 0.1083887 0.4828524
107.7001 pos 0.1083887 0.4828524
107.7402 pos 0.1262818 0.4829209
107.7745 pos 0.1733397 0.4830871
107.8089 pos 0.2080684 0.477594
107.8485 pos 0.2987604 0.4834259
107.8827 pos 0.3709174 0.4945168
107.9174 pos 0.4476976 0.494541
107.9569 pos 0.5459217 0.4945421
107.9914 pos 0.5951717 0.4890598
108.0327 pos 0.6226506 0.483558
108.0672 pos 0.6613252 0.4835009
108.1009 pos 0.6891329 0.4779328
108.1397 pos 0.7059041 0.4778871
108.1744 pos 0.7171248 0.4778545
108.2077 pos 0.7227479 0.4833788
108.2492 pos 0.7340205 0.4889019
108.2826 pos 0.7340205 0.4889019
108.3167 pos 0.7340205 0.4889019
108.355 pos 0.7396704 0.4944465
108.3886 pos 0.7566782 0.494432
108.4217 pos 0.7623675 0.494427
108.4634 pos 0.768067 0.4944218
108.497 pos 0.7680669 0.4944218
108.5315 pos 0.7680669 0.4944218
108.571 pos 0.7680669 0.4944218
108.6051 pos 0.7623672 0.494427
108.6381 pos 0.750999 0.4944369
108.6778 pos 0.7340204 0.494451
108.7115 pos 0.689133 0.4944837
108.7447 pos 0.6281597 0.5
108.7843 pos 0.5842073 0.5164005
108.8176 pos 0.5568486 0.5163803
108.8507 pos 0.4968137 0.5272752
108.8896 pos 0.431291 0.5437168
108.9239 pos 0.4038975 0.5437798
108.9571 pos 0.3653873 0.5493966
108.998 pos 0.3266227 0.5606166
109.0312 pos 0.3043279 0.560773
109.0651 pos 0.293135 0.5608584
109.1055 pos 0.2875234 0.5609031
109.1396 pos 0.2819035 0.5664994
109.1808 pos 0.2762768 0.5665507
109.2152 pos 0.2762762 0.5721081
109.2473 pos 0.2762762 0.5721081
109.2877 pos 0.270642 0.5777296
109.3229 pos 0.2706408 0.5777296
109.3552 pos 0.2706408 0.5777296
109.3935 pos 0.2706408 0.5777296
109.4296 pos 0.2706408 0.6000195
109.4623 pos 0.2706408 0.6391827
109.5009 pos 0.2593445 0.7016163
109.5346 pos 0.2536794 0.7303837
110.0689 select take
110.7706 gestureStart
110.7706 pos 0.453061 0.5382179
110.7903 pos 0.4639771 0.532746
110.8181 pos 0.4858 0.5327345
110.8573 pos 0.5841016 0.5273368
110.8928 pos 0.7114021 0.5165958
110.9285 pos 0.7966194 0.5112115
110.9674 pos 0.831411 0.5112855
111.0011 pos 0.8372554 0.522599
111.0338 pos 0.8372554 0.522599
111.0738 pos 0.8372554 0.522599
111.1077 pos 0.8372554 0.522599
111.141 pos 0.8372554 0.522599
111.1804 pos 0.8431135 0.5226259
111.2159 pos 0.8548722 0.5226811
111.2493 pos 0.8607732 0.5227094
111.29 pos 0.8845294 0.5285365
111.3249 pos 0.9145873 0.5287362
111.3603 pos 0.9389474 0.5289079
111.4011 pos 0.9760571 0.5350258
111.4345 pos 0.9948877 0.5352044
111.4748 pos 1.001208 0.5352656
111.5092 pos 1.013915 0.5353908
111.5451 pos 1.026713 0.5355196
111.5853 pos 1.039606 0.535652
111.6208 pos 1.065687 0.5359282
111.6558 pos 1.105596 0.5363715
