1882.533 session normal_0.8_1.5
1882.533 phrase an occasional taste of chocolate
1897.886 gestureStart
1897.886 pos 0.0894032 0.4808497
1897.986 pos 0.1096954 0.4850088
1898.085 pos 0.2475785 0.4825442
1898.185 pos 0.5754203 0.4234988
1898.284 pos 0.8243762 0.3879882
1898.384 pos 0.820835 0.3780103
1898.483 pos 0.757802 0.3957478
1898.583 pos 0.6838361 0.4233142
1898.682 pos 0.6435281 0.4314391
1898.699 gestureEnd akin
1900.274 gestureStart
1900.274 pos -0.4852207 0.4380333
1900.307 delete
1901.517 gestureStart
1901.517 pos 0.08961444 0.4953684
1901.617 pos 0.1621019 0.4963548
1901.716 pos 0.3233094 0.4506912
1901.816 pos 0.4783249 0.3949559
1901.915 pos 0.5973483 0.4034356
1902.015 pos 0.6656848 0.3984703
1902.098 gestureEnd an
1903.075 gestureStart
1903.075 pos 0.8560621 0.5815088
1903.175 pos 0.8312064 0.6093741
1903.274 pos 0.7792925 0.5802439
1903.374 pos 0.6720308 0.4765316
1903.473 pos 0.5413595 0.4033183
1903.573 pos 0.4776311 0.3775936
1903.672 pos 0.4485865 0.3945836
1903.772 pos 0.4420564 0.4235407
1903.871 pos 0.3976085 0.4421782
1903.971 pos 0.3112496 0.4619888
1904.07 pos 0.2142296 0.495186
1904.17 pos 0.0420023 0.519533
1904.269 pos 0.0007991791 0.526702
1904.369 pos 0.1608836 0.5148497
1904.468 pos 0.3265712 0.4780923
1904.568 pos 0.3528731 0.4816559
1904.667 pos 0.4972252 0.5368599
1904.767 pos 0.7525271 0.5896048
1904.866 pos 0.8988148 0.5911617
1904.966 pos 0.9292457 0.5696952
1905.065 pos 0.8858142 0.5189434
1905.165 pos 0.7940762 0.4909523
1905.264 pos 0.7144933 0.4620241
1905.364 pos 0.6113551 0.402831
1905.463 pos 0.5277885 0.372025
1905.562 pos 0.3693216 0.3995013
1905.662 pos 0.1063061 0.4399968
1905.761 pos -0.02495027 0.4848335
1905.861 pos 0.08106456 0.5094466
1905.96 pos 0.3768358 0.4867845
1906.06 pos 0.672609 0.4968893
1906.159 pos 0.7772842 0.492761
1906.259 pos 0.7758204 0.4904921
1906.358 pos 0.8594196 0.4824011
1906.458 pos 0.9449575 0.4842477
1906.557 pos 1.013547 0.4895858
1908.331 gestureStart
1908.331 pos -0.4427532 0.4493436
1908.364 delete
1909.823 gestureStart
1909.823 pos 0.09051104 0.5175822
1909.922 pos 0.09005408 0.5163541
1910.022 pos 0.1174493 0.509243
1910.121 pos 0.1904248 0.5089067
1910.221 pos 0.2756934 0.5142149
1910.321 pos 0.3450313 0.4982879
1910.42 pos 0.424198 0.4719242
1910.52 pos 0.4895515 0.4503921
1910.619 pos 0.5408511 0.4494956
1910.719 pos 0.576501 0.4350844
1910.818 pos 0.6109989 0.4283894
1910.917 pos 0.6497838 0.4158495
1911.017 pos 0.6744895 0.3998888
1911.083 gestureEnd an
1912.161 gestureStart
1912.161 pos 0.8826605 0.5490099
1912.26 pos 0.8405666 0.5585804
1912.36 pos 0.8047106 0.56568
1912.459 pos 0.7546968 0.5360946
1912.559 pos 0.6580688 0.4635341
1912.658 pos 0.5876837 0.4712335
1912.758 pos 0.5116051 0.4134207
1912.857 pos 0.4008126 0.3672551
1912.957 pos 0.3166062 0.332994
1913.056 pos 0.2368646 0.3536007
1913.156 pos 0.1674795 0.4066288
1913.255 pos 0.07303514 0.4578045
1913.355 pos -0.01130476 0.4776851
1913.454 pos -0.02478704 0.4888988
1913.554 pos 0.06685219 0.4957793
1913.653 pos 0.212662 0.4948256
1913.802 pos 0.454387 0.5090934
1913.902 pos 0.6047935 0.5398571
1914.001 pos 0.6754633 0.5568559
1914.101 pos 0.7000073 0.5563952
1914.2 pos 0.7204866 0.5542201
1914.3 pos 0.7665333 0.5533547
1914.399 pos 0.8335439 0.5530254
1914.499 pos 0.8712047 0.544982
1914.598 pos 0.8768055 0.5341538
1914.698 pos 0.8419124 0.4981152
1914.797 pos 0.7688993 0.4438996
1914.897 pos 0.6922868 0.4085234
1914.996 pos 0.5614913 0.3889244
1915.096 pos 0.3822398 0.402412
1915.195 pos 0.1966735 0.4428348
1915.294 pos 0.106235 0.4717826
1915.394 pos 0.1053225 0.4900111
1915.493 pos 0.2277162 0.5060833
1915.593 pos 0.5054662 0.4937509
1915.692 pos 0.8109561 0.4959065
1915.792 pos 0.9985148 0.4923886
1915.891 pos 0.9850205 0.4961108
1915.991 gestureEnd occasional
1917.035 gestureStart
1917.035 pos 0.5176843 0.5939727
1917.134 pos 0.5117116 0.6052952
1917.234 pos 0.4950081 0.6091467
1917.333 pos 0.4468436 0.6026362
1917.433 pos 0.3742144 0.5929886
1917.532 pos 0.2725391 0.5816324
1917.632 pos 0.1696841 0.5645761
1917.731 pos 0.14617 0.5452942
1917.831 pos 0.1672714 0.5242003
1917.93 pos 0.1810865 0.5133135
1918.03 pos 0.1824076 0.5047953
1918.129 pos 0.2005514 0.5233852
1918.229 pos 0.2906212 0.561673
1918.328 pos 0.3739407 0.5813813
1918.428 pos 0.3938997 0.5945563
1918.527 pos 0.3863487 0.6077631
1918.626 pos 0.3852937 0.6166641
1918.726 pos 0.3750153 0.6213086
1918.825 pos 0.3296337 0.6112424
1918.925 pos 0.2523313 0.6114568
1919.024 pos 0.1937657 0.5987752
1919.107 gestureEnd years
1920.616 gestureStart
1920.616 pos 0.4524387 0.6924806
1920.682 select taste
1921.577 gestureStart
1921.577 pos 0.8383166 0.6060477
1921.677 pos 0.836243 0.6097049
1921.776 pos 0.8088229 0.5976186
1921.876 pos 0.6505878 0.5695674
1921.975 pos 0.4305931 0.5481945
1922.075 pos 0.2327097 0.5372192
1922.174 pos 0.2286081 0.5320665
1922.224 gestureEnd odds
1925.291 gestureStart
1925.291 pos 0.3298146 0.3940214
1925.39 pos 0.3706071 0.3939177
1925.49 pos 0.4715897 0.4322085
1925.589 pos 0.6215727 0.4759836
1925.689 pos 0.7659159 0.5371117
1925.838 pos 0.8703136 0.576157
1925.938 pos 0.845 0.5539282
1926.037 pos 0.6707677 0.4964437
1926.136 pos 0.4655272 0.44448
1926.236 pos 0.3671755 0.4290201
1926.335 pos 0.4167612 0.4383069
1926.435 pos 0.5970538 0.4584467
1926.534 pos 0.8438739 0.5216489
1926.633 pos 1.001257 0.5650786
1926.733 pos 1.001803 0.5624536
1926.832 pos 0.9813365 0.5446131
1926.932 pos 0.9501207 0.5026057
1927.031 pos 0.8180578 0.4563288
1927.131 pos 0.5321371 0.4603911
1927.23 pos 0.2269691 0.4653922
1927.33 pos 0.05583534 0.4673266
1927.429 pos 0.03809066 0.4751017
1927.529 pos 0.1287119 0.5047076
1927.628 pos 0.3343681 0.5412347
1927.728 pos 0.5228752 0.5781234
1927.827 pos 0.5510742 0.5831678
1927.927 pos 0.475067 0.5850209
1928.026 pos 0.3570062 0.6023201
1928.125 pos 0.3020947 0.6085549
1928.225 pos 0.2898453 0.6018404
1928.242 gestureEnd chocolate
1929.518 gestureStart
1929.518 pos -0.2777707 0.2973143
1931.093 gestureStart
1931.093 pos -0.3394652 0.3251197
1933.729 phrase what goes up must come down
1935.719 gestureStart
1935.719 pos 0.1281589 0.5783793
1935.818 pos 0.1422436 0.5854102
1935.917 pos 0.2616986 0.5652784
1936.017 pos 0.4027672 0.5247036
1936.117 pos 0.4812412 0.5045903
1936.216 pos 0.5112439 0.5012856
1936.316 pos 0.5071338 0.5036083
1936.415 pos 0.3439276 0.5027004
1936.514 pos 0.1196347 0.5052082
1936.614 pos 0.03417315 0.5169091
1936.714 pos 0.05763306 0.5295298
1936.813 pos 0.2734968 0.5576638
1936.912 pos 0.5203065 0.5845646
1937.012 pos 0.5769133 0.5894594
1937.111 pos 0.5162214 0.5928727
1937.178 gestureEnd array
1938.919 gestureStart
1938.919 pos -0.5346354 0.459492
1938.985 delete
1941.09 gestureStart
1941.09 pos 0.1688906 0.6150113
1941.19 pos 0.1794769 0.5959015
1941.289 pos 0.2457961 0.5900885
1941.389 pos 0.4927996 0.5793766
1941.488 pos 0.700742 0.5268286
1941.588 pos 0.6831591 0.4981864
1941.687 pos 0.4840226 0.4891938
1941.787 pos 0.2014755 0.5178486
1941.886 pos -0.003231812 0.5226513
1941.986 pos 0.02060409 0.5203363
1942.085 pos 0.2429643 0.5715096
1942.185 pos 0.4111907 0.6534433
1942.284 pos 0.4401651 0.659918
1942.384 pos 0.4289491 0.6376475
1942.467 gestureEnd what
1943.379 gestureStart
1943.379 pos 0.4314852 0.4875753
1943.478 pos 0.5000237 0.5020425
1943.578 pos 0.6901683 0.4923926
1943.677 pos 0.8060071 0.5380401
1943.776 pos 0.884513 0.6079324
1943.876 pos 0.8731045 0.6635737
1943.975 pos 0.7052082 0.6537355
1944.075 pos 0.4313075 0.6109551
1944.174 pos 0.2036982 0.5964593
1944.274 pos 0.1682089 0.5735385
1944.373 pos 0.1723764 0.5263448
1944.473 pos 0.1887929 0.4746181
1944.572 pos 0.2090531 0.4701887
1944.655 gestureEnd flows
1945.733 gestureStart
1945.733 pos 0.527929 0.7147257
1945.783 select goes
1946.512 gestureStart
1946.512 pos 0.6555009 0.6100289
1946.611 pos 0.6602483 0.5988295
1946.711 pos 0.7054302 0.577568
1946.81 pos 0.8285035 0.5795027
1946.91 pos 0.9049618 0.5816339
1947.009 pos 0.9012152 0.5852052
1947.092 gestureEnd up
1948.286 gestureStart
1948.286 pos 0.7452205 0.3670551
1948.386 pos 0.7442409 0.3994304
1948.485 pos 0.7267056 0.5113459
1948.584 pos 0.7042104 0.5702759
1948.684 pos 0.6304088 0.5803995
1948.783 pos 0.4297988 0.5300294
1948.883 pos 0.1688119 0.4998164
1948.982 pos 0.03397069 0.4818937
1949.082 pos 0.05365019 0.4823475
1949.181 pos 0.1533169 0.5125452
1949.281 pos 0.2443969 0.583492
1949.38 pos 0.2992176 0.622041
1949.48 pos 0.3360458 0.6396669
1949.579 pos 0.387116 0.6323481
1949.679 pos 0.4605345 0.6140919
1949.778 pos 0.5119708 0.5986114
1949.878 pos 0.5336874 0.5885193
1949.911 gestureEnd midway
1953.194 gestureStart
1953.194 pos -0.4341988 0.4653659
1953.293 delete
1953.293 delete
1953.293 delete
1953.293 delete
1954.62 gestureStart
1954.62 pos 0.1624455 0.5624114
1954.719 pos 0.1678691 0.5864189
1954.818 pos 0.2331693 0.583023
1954.918 pos 0.3925509 0.5557253
1955.017 pos 0.5542542 0.5523053
1955.117 pos 0.6629243 0.5523491
1955.216 pos 0.7028863 0.5359717
1955.316 pos 0.6829297 0.5342456
1955.415 pos 0.4937029 0.5376163
1955.515 pos 0.182837 0.550601
1955.614 pos -0.00966568 0.5216606
1955.714 pos 0.02186561 0.5260409
1955.813 pos 0.2029444 0.552391
1955.913 pos 0.3560287 0.5731301
1956.012 pos 0.3918734 0.5956602
1956.111 pos 0.4087332 0.5913037
1956.211 pos 0.4327146 0.5971512
1956.228 gestureEnd stuart
1957.985 gestureStart
1957.985 pos 0.2905301 0.7032107
1958.035 select what
1958.979 gestureStart
1958.979 pos 0.5065006 0.4475138
1959.079 pos 0.5031263 0.4848078
1959.178 pos 0.5189076 0.501812
1959.278 pos 0.6351217 0.5524831
1959.377 pos 0.7773647 0.5582264
1959.477 pos 0.8046417 0.5899791
1959.576 pos 0.7869853 0.6263099
1959.676 pos 0.7297682 0.615229
1959.775 pos 0.5950903 0.5571065
1959.875 pos 0.4147082 0.5725983
1959.974 pos 0.2638818 0.5624314
1960.073 pos 0.2418287 0.5295946
1960.173 pos 0.2698055 0.521044
1960.272 pos 0.2822419 0.506651
1960.421 pos 0.2378296 0.494405
1960.521 pos 0.2262177 0.5023318
1960.571 gestureEnd goes
1961.499 gestureStart
1961.499 pos 0.636227 0.5844865
1961.599 pos 0.6484137 0.5820021
1961.698 pos 0.7222611 0.5933762
1961.797 pos 0.9040467 0.6040426
1961.897 pos 0.9648726 0.6022754
1961.997 pos 0.9632412 0.5996679
1962.03 gestureEnd up
1962.975 gestureStart
1962.975 pos 0.7690314 0.3782594
1963.074 pos 0.7751104 0.4125749
1963.174 pos 0.7425246 0.4800948
1963.273 pos 0.6588607 0.5553114
1963.373 pos 0.6204834 0.6062562
1963.472 pos 0.6203998 0.6139497
1963.572 pos 0.5449835 0.5539086
1963.671 pos 0.3538843 0.5289991
1963.771 pos 0.2500311 0.5243186
1963.87 pos 0.2243478 0.5216811
1963.969 pos 0.2345203 0.5173961
1964.069 pos 0.2828727 0.5431198
1964.168 pos 0.3620582 0.6082117
1964.268 pos 0.4190793 0.6335125
1964.367 pos 0.463405 0.6283032
1964.417 gestureEnd midst
1966.009 gestureStart
1966.009 pos 0.4982074 0.6763411
1966.058 select must
1967.534 gestureStart
1967.534 pos 0.3427561 0.4225797
1967.633 pos 0.3608291 0.4164206
1967.733 pos 0.3855144 0.4167955
1967.832 pos 0.4500203 0.4587974
1967.932 pos 0.6170446 0.5794392
1968.031 pos 0.7723192 0.6185973
1968.131 pos 0.846395 0.6177345
1968.23 pos 0.8595097 0.593942
1968.33 pos 0.8297464 0.5598937
1968.429 pos 0.801536 0.4842164
1968.529 pos 0.7887461 0.364072
1968.628 pos 0.7849905 0.3412927
1968.728 pos 0.7555227 0.3461409
1968.827 pos 0.6796543 0.3941731
1968.927 pos 0.5307267 0.4677188
1969.026 pos 0.3662829 0.5083274
1969.125 pos 0.3461313 0.5226361
1969.225 pos 0.3534412 0.5103105
1969.324 pos 0.3401876 0.510375
1969.424 pos 0.2948486 0.5302519
1969.523 pos 0.2639038 0.5439914
1969.623 pos 0.2694114 0.5513815
1969.722 pos 0.2789287 0.5604432
1969.822 pos 0.2608351 0.6042507
1969.872 gestureEnd come
1971.695 gestureStart
1971.695 pos 0.3184859 0.4889961
1971.795 pos 0.3227059 0.4920118
1971.894 pos 0.3641185 0.5112353
1971.993 pos 0.6357204 0.5376
1972.093 pos 0.821683 0.5812234
1972.193 pos 0.8238387 0.600558
1972.292 pos 0.7706572 0.6088926
1972.391 pos 0.4464922 0.5762241
1972.491 pos 0.151011 0.5745441
1972.59 pos 0.1249589 0.5875158
1972.69 pos 0.2598148 0.5851091
1972.789 pos 0.4449807 0.5400795
1972.889 pos 0.6021124 0.4383004
1972.988 pos 0.6414531 0.4033117
1973.088 pos 0.6653215 0.3755637
1973.187 pos 0.6766913 0.3688192
1973.27 gestureEnd down
1974.48 gestureStart
1974.48 pos -0.4328483 0.3448962
1976.486 phrase our silver anniversary is coming
1978.624 gestureStart
1978.624 pos 0.8065778 0.6101682
1978.724 pos 0.8268573 0.614439
1978.823 pos 0.8357157 0.6172819
1978.923 pos 0.7861356 0.6168851
1979.022 pos 0.6245375 0.6021827
1979.122 pos 0.4327106 0.5886264
1979.221 pos 0.307403 0.5760818
1979.321 pos 0.2881198 0.5736665
1979.354 gestureEnd our
1980.183 gestureStart
1980.183 pos 0.1977217 0.4725344
1980.282 pos 0.4429415 0.5104954
1980.382 pos 0.7650156 0.5587798
1980.481 pos 0.9975102 0.5639693
1980.581 pos 0.9985344 0.5426831
1980.68 pos 0.9234926 0.4894398
1980.78 pos 0.7891063 0.477163
1980.879 pos 0.6120392 0.4556815
1980.979 pos 0.493125 0.4008886
1981.078 pos 0.4645154 0.3866378
1981.178 pos 0.4368749 0.4420981
1981.277 pos 0.3341436 0.5584309
1981.377 pos 0.219021 0.6068234
1981.476 pos 0.2030673 0.6148224
1981.575 pos 0.2389929 0.614267
1981.675 pos 0.288581 0.5997493
1981.774 pos 0.3235389 0.5913365
1981.791 gestureEnd solved
1983.432 gestureStart
1983.432 pos 0.2731537 0.6189048
1983.531 pos 0.2783189 0.6398579
1983.548 gestureEnd referee
1984.94 gestureStart
1984.94 pos -0.38253 0.4609822
1985.023 delete
1985.023 delete
1985.023 delete
1985.355 gestureStart
1985.355 pos -0.3999222 0.4739208
1986.648 gestureStart
1986.648 pos 0.7796406 0.6079898
1986.747 pos 0.7793118 0.604022
1986.847 pos 0.8012164 0.5989009
1986.946 pos 0.8167562 0.5874664
1987.046 pos 0.8061011 0.5588257
1987.145 pos 0.7777756 0.5209002
1987.245 pos 0.7466378 0.4529818
1987.344 pos 0.729161 0.3924697
1987.444 pos 0.7170517 0.3644744
1987.477 gestureEnd on
1989.433 gestureStart
1989.433 pos -0.4418546 0.4305208
1989.466 delete
1991.107 gestureStart
1991.107 pos 0.8428589 0.5959032
1991.207 pos 0.8122478 0.6016889
1991.306 pos 0.5980108 0.6010423
1991.406 pos 0.4043179 0.6061138
1991.505 pos 0.4074262 0.6120555
1991.604 pos 0.4382889 0.6022341
1991.621 gestureEnd or
1992.997 gestureStart
1992.997 pos 0.4862737 0.6885706
1993.014 select our
1993.776 gestureStart
1993.776 pos 0.2537395 0.4995174
1993.875 pos 0.3863798 0.5328927
1993.975 pos 0.6248302 0.6125367
1994.074 pos 0.8700759 0.6294528
1994.174 pos 0.9731215 0.5807297
1994.273 pos 0.9650892 0.5120842
1994.373 pos 0.9506346 0.4756166
1994.472 pos 0.8405651 0.4368376
1994.572 pos 0.6273148 0.3976339
1994.671 pos 0.465177 0.3711126
1994.771 pos 0.443289 0.4021844
1994.87 pos 0.443599 0.5034609
1994.969 pos 0.394005 0.5555293
1995.069 pos 0.275131 0.558359
1995.169 pos 0.2374328 0.563553
1995.268 pos 0.2598501 0.5738306
1995.367 pos 0.3106756 0.5810351
1995.467 pos 0.3499301 0.5840359
1995.516 gestureEnd solved
1996.511 gestureStart
1996.511 pos 0.271624 0.6831205
1996.544 select silver
1997.389 gestureStart
1997.389 pos 0.1330789 0.4986107
1997.489 pos 0.1301186 0.4986807
1997.588 pos 0.1847554 0.4880207
1997.688 pos 0.4075764 0.4471984
1997.787 pos 0.5804958 0.3895217
1997.887 pos 0.6484604 0.385902
1997.986 pos 0.7100747 0.4217194
1998.085 pos 0.7604046 0.5408877
1998.185 pos 0.77583 0.5837923
1998.284 pos 0.7599177 0.5900308
1998.384 pos 0.6926259 0.529709
1998.483 pos 0.6035289 0.4644415
1998.583 pos 0.5055469 0.4169701
1998.682 pos 0.434433 0.3675357
1998.781 pos 0.4007663 0.3607815
1998.881 pos 0.3673141 0.4143922
1998.98 pos 0.3113749 0.4839898
1999.08 pos 0.2490706 0.5211148
1999.179 pos 0.240613 0.561608
1999.279 pos 0.2778731 0.5586125
1999.378 pos 0.3049265 0.5617964
1999.478 pos 0.3224762 0.5583531
1999.577 pos 0.3157296 0.5413086
1999.677 pos 0.2823524 0.5177674
1999.776 pos 0.2345354 0.4821758
1999.875 pos 0.1899803 0.4547942
1999.975 pos 0.1354212 0.4434006
2000.074 pos 0.09550814 0.4400582
2000.174 pos 0.1168379 0.4464583
2000.273 pos 0.1596766 0.4667437
2000.373 pos 0.2716523 0.5333118
2000.472 pos 0.3795364 0.5714522
2000.572 pos 0.4171415 0.600052
2000.671 pos 0.4462804 0.6071879
2000.77 pos 0.4772604 0.6092814
2000.87 pos 0.5193802 0.6123706
2000.969 pos 0.5755326 0.6126102
2001.069 gestureEnd anniversary
2001.848 gestureStart
2001.848 pos 0.752421 0.58025
2001.948 pos 0.7226006 0.5790132
2002.047 pos 0.5704861 0.5751602
2002.146 pos 0.4035352 0.5507596
2002.246 pos 0.3947689 0.5401738
2002.345 pos 0.4148898 0.5279809
2002.445 pos 0.3668778 0.5147122
2002.544 pos 0.2900121 0.5072814
2002.644 pos 0.239852 0.5058981
2002.743 pos 0.2107445 0.5044839
2002.826 gestureEnd is
2003.754 gestureStart
2003.754 pos 0.3901429 0.4039219
2003.854 pos 0.4243107 0.4343553
2003.953 pos 0.4841529 0.4392465
2004.052 pos 0.5812415 0.4643325
2004.152 pos 0.7880118 0.5221483
2004.251 pos 0.8479283 0.5487219
2004.351 pos 0.8351787 0.5352805
2004.45 pos 0.8034326 0.526545
2004.55 pos 0.7850415 0.4931263
2004.649 pos 0.7729406 0.4412439
2004.749 pos 0.7536796 0.4315986
2004.848 pos 0.7381194 0.5009913
2004.947 pos 0.7316471 0.5891608
2005.047 pos 0.732882 0.5971906
2005.146 pos 0.7293329 0.5342749
2005.246 pos 0.7139632 0.4141525
2005.345 pos 0.7019765 0.3926927
2005.445 pos 0.6776134 0.3848607
2005.544 pos 0.6143682 0.4097255
2005.643 pos 0.5306464 0.4329478
2005.743 pos 0.4853632 0.4562855
2005.793 gestureEnd coming
2006.936 gestureStart
2006.936 pos -0.327829 0.2545671
2007.898 gestureStart
2007.898 pos -0.2850686 0.3172312
2008.892 phrase this system of taxation
2010.683 gestureStart
2010.683 pos 0.4498433 0.6141211
2010.782 pos 0.4383172 0.6153306
2010.882 pos 0.4805357 0.5943577
2010.981 pos 0.5365795 0.5392251
2011.081 pos 0.539376 0.5452288
2011.18 pos 0.6028977 0.6050944
2011.28 pos 0.7606443 0.6301817
2011.379 pos 0.7971607 0.6412858
2011.479 pos 0.7274121 0.6492612
2011.578 pos 0.5722998 0.6153311
2011.677 pos 0.3983175 0.5634382
2011.777 pos 0.2919411 0.5341814
2011.877 pos 0.2522083 0.53313
2011.976 pos 0.1779304 0.5232263
2012.075 gestureEnd toys
2013.037 gestureStart
2013.037 pos 0.363948 0.7289387
2013.136 pos 0.3170781 0.7492422
2013.153 select this
2013.866 gestureStart
2013.866 pos 0.1394725 0.5102451
2013.965 pos 0.1871886 0.4805067
2014.064 pos 0.2194608 0.4474552
2014.164 pos 0.2446904 0.4471759
2014.263 pos 0.4306487 0.5688994
2014.363 pos 0.6342873 0.6182541
2014.462 pos 0.6760461 0.6392759
2014.562 pos 0.615096 0.6506561
2014.661 pos 0.4437396 0.6368178
2014.761 pos 0.2244872 0.5919859
2014.86 pos 0.1810743 0.5357145
2014.959 pos 0.2147733 0.5139773
2015.059 pos 0.2663519 0.52671
2015.158 pos 0.3904409 0.5810621
2015.258 pos 0.4728566 0.5942707
2015.357 pos 0.4910921 0.5883527
2015.457 pos 0.431812 0.56985
2015.556 pos 0.3073125 0.5492935
2015.656 pos 0.2807739 0.5435954
2015.755 pos 0.3708008 0.498991
2015.854 pos 0.5272892 0.4259252
2015.954 pos 0.6768173 0.3783908
2016.054 pos 0.7344989 0.3538277
2016.153 pos 0.7511314 0.3590463
2016.219 gestureEnd stem
2018.01 gestureStart
2018.01 pos 0.7392367 0.691164
2018.109 pos 0.7490947 0.684146
2018.126 select system
2018.59 gestureStart
2018.59 pos 0.8953942 0.6295729
2018.689 pos 0.7986592 0.6114348
2018.788 pos 0.702915 0.5749801
2018.888 pos 0.6031733 0.5265238
2018.987 pos 0.5420864 0.4975486
2019.087 pos 0.46915 0.4510928
2019.187 pos 0.4145854 0.4213112
2019.286 pos 0.3917314 0.4260565
2019.352 gestureEnd of
2021.275 gestureStart
2021.275 pos 0.4284582 0.5928468
2021.375 pos 0.4019895 0.5830052
2021.474 pos 0.295711 0.5451179
2021.574 pos 0.1379563 0.4970935
2021.673 pos 0.1040132 0.4721022
2021.772 pos 0.1525139 0.4445776
2021.872 pos 0.2321736 0.4207076
2021.971 pos 0.269581 0.4182949
2022.071 pos 0.2667962 0.4373991
2022.17 pos 0.2245839 0.460346
2022.27 pos 0.1617748 0.4730667
2022.369 pos 0.1879252 0.49268
2022.469 pos 0.3211931 0.5207736
2022.568 pos 0.4143466 0.5520813
2022.667 pos 0.47061 0.5749353
2022.767 pos 0.5512148 0.5820332
2022.866 pos 0.651028 0.5750043
2022.966 pos 0.7295802 0.5796147
2023.065 pos 0.7831259 0.5731051
2023.165 pos 0.8071964 0.5599141
2023.264 pos 0.800195 0.5272485
2023.364 pos 0.7720944 0.4769087
2023.463 pos 0.7529392 0.4452139
2023.562 pos 0.7338966 0.4278389
2023.662 pos 0.6998353 0.41669
2023.761 pos 0.6420173 0.4100826
2023.861 pos 0.5997208 0.4059349
2023.911 gestureEnd taxation
2025.203 gestureStart
2025.203 pos -0.2702889 0.3113295
2026.115 phrase the water was monitored daily
2028.154 gestureStart
2028.154 pos 0.4619437 0.6040274
2028.253 pos 0.4810707 0.5884904
2028.353 pos 0.5334238 0.5490276
2028.452 pos 0.5553218 0.519203
2028.552 pos 0.5283217 0.5220474
2028.651 pos 0.5179179 0.5422044
2028.751 pos 0.4903573 0.5606831
2028.85 pos 0.3843651 0.571103
2028.949 pos 0.2855535 0.591975
2029.049 pos 0.2407003 0.5987073
2029.148 pos 0.2448386 0.5988559
2029.165 gestureEnd three
2029.745 gestureStart
2029.745 pos 0.1444255 0.5697083
2029.845 pos 0.1546164 0.5595381
2029.944 pos 0.1834917 0.6110989
2030.044 pos 0.309158 0.7212837
2030.143 pos 0.358741 0.7169439
2030.292 pos 0.3211857 0.6592378
2030.326 select the
2030.823 gestureStart
2030.823 pos 0.1668086 0.5916188
2030.922 pos 0.1565169 0.5781381
2031.022 pos 0.1176667 0.5377144
2031.121 pos 0.1211177 0.4783374
2031.221 pos 0.1503527 0.4792854
2031.32 pos 0.2478098 0.5317518
2031.42 pos 0.4020639 0.5583029
2031.519 pos 0.4690709 0.5801977
2031.619 pos 0.4487067 0.5893599
2031.718 pos 0.3079527 0.6036523
2031.818 pos 0.1469797 0.5914971
2031.917 pos 0.1318312 0.5923814
2032.016 pos 0.2166555 0.5955594
2032.116 pos 0.2836431 0.6030332
2032.215 pos 0.3180614 0.6047409
2032.315 pos 0.3392335 0.6038293
2032.365 gestureEnd water
2033.442 gestureStart
2033.442 pos 0.1190377 0.6419884
2033.541 pos 0.133355 0.6221102
2033.641 pos 0.1646155 0.5642402
2033.74 pos 0.1540385 0.5001272
2033.84 pos 0.1159625 0.4823193
2033.939 pos 0.1217497 0.4822029
2034.055 pos 0.2105874 0.4905217
2034.155 pos 0.2860285 0.5081164
2034.221 gestureEnd was
2035.116 gestureStart
2035.116 pos 0.8031017 0.3655858
2035.215 pos 0.7858225 0.4060524
2035.315 pos 0.7967109 0.461597
2035.414 pos 0.8173623 0.5319498
2035.514 pos 0.8176838 0.5876743
2035.613 pos 0.8039099 0.5984542
2035.713 pos 0.785675 0.54296
2035.812 pos 0.769197 0.4440182
2035.961 pos 0.7401527 0.4043405
2036.061 pos 0.7274441 0.4189698
2036.16 pos 0.7111575 0.4514786
2036.26 pos 0.7153639 0.5252718
2036.359 pos 0.7147633 0.5851301
2036.459 pos 0.6970171 0.5984655
2036.558 pos 0.6389028 0.591136
2036.658 pos 0.4795905 0.5930503
2036.757 pos 0.3669609 0.6051841
2036.857 pos 0.3785143 0.604472
2036.956 pos 0.5505872 0.5910528
2037.056 pos 0.7812022 0.5870277
2037.155 pos 0.8382547 0.5938973
2037.255 pos 0.6958241 0.592507
2037.354 pos 0.5088491 0.5815921
2037.453 pos 0.321593 0.5720371
2037.553 pos 0.2128691 0.5780756
2037.652 pos 0.2040988 0.5742409
2037.752 pos 0.2297091 0.5671524
2037.851 pos 0.2625849 0.5294564
2037.95 pos 0.2971447 0.4854961
2038.05 pos 0.3252802 0.4671046
2038.149 gestureEnd monitored
2038.928 gestureStart
2038.928 pos 0.250054 0.486739
2039.028 pos 0.2604743 0.4900405
2039.127 pos 0.2573945 0.4909603
2039.227 pos 0.213046 0.4857141
2039.326 pos 0.01845121 0.4903818
2039.426 pos -0.03698721 0.4850456
2039.525 pos 0.193105 0.5162247
2039.625 pos 0.5441771 0.5470101
2039.724 pos 0.763088 0.5757257
2039.824 pos 0.7768666 0.564887
2039.923 pos 0.798871 0.5314736
2040.022 pos 0.8764458 0.4892367
2040.122 pos 0.9396218 0.474216
2040.221 pos 0.9525602 0.468203
2040.321 pos 0.8731489 0.4740881
2040.42 pos 0.7537156 0.5155835
2040.52 pos 0.6656401 0.5535375
2040.619 pos 0.6427546 0.5710362
2040.719 pos 0.6413596 0.5740317
2040.818 pos 0.6287789 0.5681684
2040.917 pos 0.5947403 0.5669307
2040.951 gestureEnd deadly
2042.359 gestureStart
2042.359 pos 0.4652766 0.701099
2042.409 select daily
2043.188 gestureStart
2043.188 pos -0.2524629 0.343447
2046.652 phrase quit while you are ahead
2048.906 gestureStart
2048.906 pos 0.05857081 0.6191194
2049.006 pos 0.1200912 0.6023955
2049.105 pos 0.4024159 0.5871336
2049.205 pos 0.7447231 0.5699899
2049.304 pos 0.8619634 0.6038449
2049.403 pos 0.7655168 0.6078967
2049.503 pos 0.6018901 0.5992218
2049.602 pos 0.468307 0.5993654
2049.702 pos 0.4420246 0.6067296
2049.752 gestureEnd warrior
2050.912 gestureStart
2050.912 pos 0.5319428 0.6639839
2050.945 select quit
2051.906 gestureStart
2051.906 pos 0.1796105 0.6201521
2052.006 pos 0.2050398 0.6227437
2052.105 pos 0.3488872 0.588889
2052.205 pos 0.5351467 0.5240834
2052.304 pos 0.621815 0.5357065
2052.404 pos 0.6812125 0.5790545
2052.503 pos 0.746309 0.6091206
2052.602 pos 0.8127843 0.6017885
2052.702 pos 0.8595169 0.5845627
2052.801 pos 0.8668079 0.5581214
2052.901 pos 0.8373378 0.548296
2053 pos 0.764639 0.5357766
2053.1 pos 0.5997101 0.5419255
2053.199 pos 0.3977958 0.5600967
2053.299 pos 0.2617053 0.5845543
2053.398 pos 0.2254423 0.6087749
2053.514 gestureEnd while
2054.393 gestureStart
2054.393 pos 0.5478148 0.5874674
2054.492 pos 0.556949 0.5852735
2054.592 pos 0.6121964 0.5859105
2054.691 pos 0.9262583 0.6023645
2054.791 pos 0.9999836 0.6061478
2054.89 pos 0.8663834 0.5959573
2054.989 pos 0.7394241 0.5898653
2055.089 pos 0.6979985 0.5877995
2055.188 pos 0.6936721 0.583084
2055.254 gestureEnd you
2056.05 gestureStart
2056.05 pos 0.02072949 0.4756637
2056.15 pos 0.03864145 0.4872895
2056.249 pos 0.07965422 0.5098194
2056.348 pos 0.1777219 0.5522761
2056.448 pos 0.3149244 0.5730155
2056.547 pos 0.390907 0.5775862
2056.647 pos 0.398026 0.5780683
2056.746 pos 0.3568388 0.5753301
2056.846 pos 0.310714 0.5752813
2056.945 pos 0.2892315 0.57938
2057.045 pos 0.2960836 0.5796797
2057.061 gestureEnd are
2057.824 gestureStart
2057.824 pos 0.1043985 0.4747438
2057.923 pos 0.2468917 0.500658
2058.022 pos 0.5109074 0.5189146
2058.122 pos 0.6606264 0.5244857
2058.221 pos 0.6493253 0.5386134
2058.387 pos 0.4262811 0.5971142
2058.487 pos 0.2794613 0.6058275
2058.586 pos 0.2429707 0.6048115
2058.686 pos 0.2355106 0.5839473
2058.785 pos 0.2092921 0.5330521
2058.885 pos 0.1548085 0.4850884
2058.984 pos 0.09828515 0.4567137
2059.083 pos 0.1024561 0.4457324
2059.183 pos 0.1753463 0.4398028
2059.282 pos 0.2542573 0.4433834
2059.382 pos 0.2821043 0.4558015
2059.481 pos 0.2793612 0.4634148
2059.58 gestureEnd ahead
2060.857 gestureStart
2060.857 pos -0.3262975 0.3256017
2060.956 pos -0.3260843 0.3348479
2061.884 phrase shall we play a round of cards
2064.868 gestureStart
2064.868 pos 0.168456 0.4984404
2064.967 pos 0.1951344 0.5020849
2065.066 pos 0.3302572 0.4989949
2065.166 pos 0.4377335 0.4920273
2065.265 pos 0.4557189 0.4829318
2065.365 pos 0.4329934 0.4670716
2065.464 pos 0.3700233 0.4562084
2065.564 pos 0.202842 0.4559399
2065.663 pos 0.08372269 0.457027
2065.762 pos 0.1155299 0.466321
2065.862 pos 0.307757 0.4873069
2065.961 pos 0.5996743 0.5119596
2066.061 pos 0.8795792 0.5135198
2066.16 pos 0.9781068 0.50544
2066.26 pos 0.938037 0.5009025
2066.343 gestureEnd stamp
2068.464 gestureStart
2068.464 pos -0.4773374 0.4304791
2068.547 delete
2069.872 gestureStart
2069.872 pos 0.2023592 0.5133296
2069.972 pos 0.2060117 0.5047913
2070.071 pos 0.2301096 0.4995317
2070.171 pos 0.4411244 0.5150466
2070.27 pos 0.6631854 0.5239781
2070.369 pos 0.6731576 0.5242157
2070.469 pos 0.4571005 0.5152179
2070.568 pos 0.127076 0.5147188
2070.668 pos 0.02073674 0.5073419
2070.767 pos 0.1749482 0.5116604
2070.867 pos 0.4671064 0.5390161
2070.966 pos 0.776265 0.5489852
2071.066 pos 0.9484585 0.5285878
2071.166 pos 0.9723696 0.4969765
2071.265 pos 0.9519463 0.4578967
2071.314 gestureEnd shall
2072.392 gestureStart
2072.392 pos 0.04273367 0.6004005
2072.491 pos 0.1003189 0.6054229
2072.591 pos 0.2176595 0.6056371
2072.69 pos 0.2537422 0.6036611
2072.773 gestureEnd quarter
2074.049 gestureStart
2074.049 pos -0.5174478 0.4523234
2074.149 delete
2074.149 delete
2075.64 gestureStart
2075.64 pos 0.2559252 0.4837159
2075.74 pos 0.232409 0.4864355
2075.839 pos 0.2095758 0.4871854
2075.939 pos 0.2798706 0.4969669
2076.038 pos 0.443175 0.5010431
2076.138 pos 0.5083799 0.51331
2076.237 pos 0.4487536 0.5088946
2076.337 pos 0.2135679 0.5062487
2076.436 pos 0.009126854 0.5044565
2076.535 pos -0.008425713 0.5113437
2076.635 pos 0.1629536 0.5266758
2076.734 pos 0.4566984 0.5495543
2076.834 pos 0.7673725 0.5472937
2076.933 pos 0.9734347 0.5355319
2077.032 pos 0.9962829 0.5217085
2077.132 pos 0.9542493 0.5064162
2077.165 gestureEnd scrap
2079.883 gestureStart
2079.883 pos -0.3584518 0.4600405
2079.9 delete
2081.358 gestureStart
2081.358 pos 0.2328887 0.4810275
2081.458 pos 0.3171963 0.4906948
2081.557 pos 0.4862097 0.483652
2081.656 pos 0.5148821 0.4696284
2081.756 pos 0.4468952 0.4686456
2081.855 pos 0.2947146 0.4784741
2081.955 pos 0.09489398 0.5007687
2082.054 pos 0.06647949 0.5003029
2082.154 pos 0.2766344 0.5050109
2082.253 pos 0.6607236 0.5304244
2082.353 pos 1.098987 0.5520606
2082.452 pos 1.256116 0.5281776
2082.552 pos 1.142847 0.5041157
2082.651 pos 0.9971752 0.5052111
2082.75 pos 0.8984834 0.5105516
2082.85 pos 0.8284379 0.5096582
2082.916 gestureEnd solo
2084.921 gestureStart
2084.921 pos -0.4486555 0.4235567
2085.021 delete
2086.694 gestureStart
2086.694 pos 0.1748422 0.4951009
2086.794 pos 0.2080111 0.4959254
2086.893 pos 0.3134556 0.5007967
2086.992 pos 0.4856739 0.4946082
2087.092 pos 0.6352296 0.4897179
2087.192 pos 0.6837325 0.4900509
2087.291 pos 0.6244258 0.4952768
2087.39 pos 0.3726216 0.4987106
2087.49 pos 0.1488858 0.503404
2087.589 pos 0.1328069 0.4943843
2087.689 pos 0.2712802 0.487618
2087.788 pos 0.5632303 0.4894868
2087.888 pos 0.8552121 0.4976617
2087.987 pos 1.003575 0.4871115
2088.087 pos 0.9934145 0.4895537
2088.186 pos 0.956027 0.4925227
2088.285 pos 0.9119295 0.4997824
2088.352 gestureEnd shall
2089.379 gestureStart
2089.379 pos 0.1626327 0.5899283
2089.479 pos 0.1598827 0.5920718
2089.578 pos 0.1973222 0.6045202
2089.678 pos 0.2679012 0.6038468
2089.727 gestureEnd we
2090.804 gestureStart
2090.804 pos 0.9618641 0.6065262
2090.904 pos 0.9442906 0.5912746
2091.003 pos 0.924078 0.5662296
2091.103 pos 0.9100555 0.5212365
2091.202 pos 0.8874058 0.4826818
2091.351 pos 0.5472411 0.4603417
2091.451 pos 0.2466166 0.4744357
2091.55 pos 0.1096542 0.4889422
2091.65 pos 0.1281939 0.5016171
2091.749 pos 0.2031716 0.5211371
2091.848 pos 0.4113653 0.5575355
2091.948 pos 0.5905022 0.5694851
2092.047 pos 0.6158553 0.5713407
2092.147 pos 0.5950142 0.5734515
2092.246 pos 0.5746943 0.5827366
2092.263 gestureEnd play
2093.556 gestureStart
2093.556 pos 0.1100353 0.4801843
2093.572 gestureEnd a
2094.633 gestureStart
2094.633 pos 0.3693879 0.5693188
2094.732 pos 0.4409621 0.5819114
2094.832 pos 0.6439201 0.6031775
2094.931 pos 0.8421091 0.6065823
2095.031 pos 0.9043212 0.6005923
2095.13 pos 0.8566884 0.5914525
2095.23 pos 0.7621353 0.5702991
2095.329 pos 0.7137212 0.5524813
2095.429 pos 0.7006828 0.5225471
2095.528 pos 0.7043139 0.4368534
2095.627 pos 0.6752753 0.3907723
2095.727 pos 0.603671 0.382313
2095.826 pos 0.4591581 0.3875595
2095.926 pos 0.3544049 0.3988408
2096.025 pos 0.3002037 0.4280256
2096.125 pos 0.3014787 0.4621926
2096.224 pos 0.3241295 0.4838067
2096.323 pos 0.3306444 0.4878127
2096.34 gestureEnd fond
2098.86 gestureStart
2098.86 pos 0.2334846 0.6700306
2098.959 select round
2100.103 gestureStart
2100.103 pos 0.8223281 0.5882936
2100.202 pos 0.8097429 0.5767499
2100.301 pos 0.7785643 0.566709
2100.401 pos 0.6838772 0.5539032
2100.5 pos 0.5936238 0.5420723
2100.599 pos 0.4929333 0.5324045
2100.699 pos 0.467223 0.5308703
2100.798 pos 0.4686709 0.5194396
2100.898 pos 0.458901 0.5095061
2100.997 pos 0.4420836 0.5032772
2101.097 pos 0.4091761 0.4973222
2101.179 gestureEnd of
2101.925 gestureStart
2101.925 pos 0.3441366 0.4023417
2102.025 pos 0.3241878 0.416511
2102.124 pos 0.1847892 0.4574261
2102.224 pos 0.04260368 0.4950362
2102.323 pos 0.02824278 0.5221441
2102.423 pos 0.1321351 0.5615426
2102.522 pos 0.2685401 0.5904692
2102.672 pos 0.3129181 0.5905094
2102.771 pos 0.291414 0.5508087
2102.87 pos 0.2950919 0.507414
2102.97 pos 0.3053432 0.4887228
2103.069 pos 0.2865557 0.4817297
2103.169 pos 0.247399 0.4732569
2103.268 pos 0.2085073 0.4726003
2103.367 pos 0.1975884 0.4747244
2103.467 gestureEnd cards
2104.428 gestureStart
2104.428 pos -0.2678128 0.3466476
2105.274 phrase important news always seems to be late
2108.008 gestureStart
2108.008 pos 0.7655197 0.5994698
2108.108 pos 0.7635005 0.5764514
2108.207 pos 0.7668886 0.4901786
2108.307 pos 0.7808195 0.4129692
2108.406 pos 0.8006356 0.3942415
2108.506 pos 0.8599586 0.4392964
2108.605 pos 0.9402369 0.5532734
2108.704 pos 0.9429676 0.5826572
2108.804 pos 0.8415973 0.622763
2108.903 pos 0.6124182 0.6402505
2109.003 pos 0.4139423 0.6411263
2109.102 pos 0.3601891 0.6255127
2109.202 pos 0.4207171 0.6051387
2109.301 pos 0.5006297 0.5875917
2109.4 pos 0.4776475 0.5673293
2109.5 pos 0.3725201 0.5457576
2109.599 pos 0.1962035 0.504382
2109.699 pos 0.1129617 0.4662433
2109.798 pos 0.145859 0.44436
2109.898 pos 0.2886946 0.4323195
2109.997 pos 0.4748312 0.3975896
2110.097 pos 0.6317042 0.3147216
2110.196 pos 0.6989133 0.3095398
2110.295 pos 0.7200291 0.3462647
2110.395 pos 0.6975107 0.3965881
2110.494 pos 0.6298025 0.455592
2110.594 pos 0.5465717 0.5200228
2110.71 pos 0.502166 0.5622795
2110.809 pos 0.4817791 0.5605677
2110.909 pos 0.4483247 0.5674834
2110.942 gestureEnd important
2112.417 gestureStart
2112.417 pos 0.6750975 0.4492778
2112.516 pos 0.650273 0.4610707
2112.616 pos 0.5800446 0.4683091
2112.715 pos 0.4514569 0.5110891
2112.815 pos 0.3267054 0.5410323
2112.914 pos 0.1823792 0.5682507
2113.013 pos 0.134119 0.5695962
2113.113 pos 0.1294485 0.5534385
2113.212 pos 0.1280508 0.541995
2113.312 pos 0.157277 0.5142677
2113.411 pos 0.2151421 0.4849631
2113.494 gestureEnd news
2114.339 gestureStart
2114.339 pos 0.1510834 0.5048397
2114.439 pos 0.1513055 0.5147855
2114.538 pos 0.07974263 0.5150641
2114.638 pos 0.1439102 0.5210676
2114.737 pos 0.4022684 0.5293619
2114.836 pos 0.6675818 0.5338593
2114.936 pos 0.8214377 0.5267408
2115.035 pos 0.8504615 0.5382662
2115.135 pos 0.8538986 0.5165489
2115.234 pos 0.8181414 0.5033848
2115.333 pos 0.5916538 0.5045882
2115.433 pos 0.3082263 0.5291352
2115.532 pos 0.1836715 0.5211622
2115.632 pos 0.2309731 0.4970303
2115.731 pos 0.2417338 0.4812431
2115.831 pos 0.1776281 0.4556996
2115.93 pos 0.12411 0.4271223
2116.03 pos 0.135427 0.4163153
2116.129 pos 0.2695261 0.4468051
2116.229 pos 0.4061572 0.5094901
2116.344 pos 0.4572034 0.5671402
2116.444 pos 0.4716845 0.5729244
2116.544 pos 0.4617619 0.5711274
2116.643 pos 0.382928 0.5500579
2116.742 pos 0.2151039 0.5317588
2116.842 pos 0.1247426 0.5137197
2116.941 pos 0.1146727 0.5051011
2117.041 pos 0.1507077 0.4979756
2117.107 gestureEnd artifacts
2118.665 gestureStart
2118.665 pos 0.0825665 0.6850004
2118.715 select always
2119.692 gestureStart
2119.692 pos 0.1921291 0.5041247
2119.792 pos 0.1805405 0.5407751
2119.891 pos 0.1904712 0.5864938
2119.991 pos 0.2697445 0.6031569
2120.09 pos 0.4274261 0.5864124
2120.19 pos 0.6212043 0.5327044
2120.289 pos 0.7706279 0.4673218
2120.388 pos 0.7843617 0.4490672
2120.488 pos 0.7375312 0.4489834
2120.587 pos 0.5640331 0.4898813
2120.687 pos 0.3217144 0.5346325
2120.786 pos 0.1332227 0.5839506
2120.886 pos 0.08581257 0.5840157
2120.985 pos 0.09679766 0.569418
2121.084 pos 0.1208004 0.5534178
2121.184 pos 0.148379 0.5416359
2121.284 pos 0.1845448 0.527229
2121.333 gestureEnd summers
2123.571 gestureStart
2123.571 pos -0.3579637 0.431439
2123.637 delete
2123.637 delete
2123.637 delete
2123.637 delete
2125.195 gestureStart
2125.195 pos 0.6953731 0.5621379
2125.295 pos 0.714757 0.5503255
2125.394 pos 0.7130628 0.532586
2125.494 pos 0.7178491 0.4610104
2125.593 pos 0.731277 0.3497441
2125.693 pos 0.7617362 0.30111
2125.792 pos 0.8124256 0.3008928
2125.892 pos 0.8647024 0.3621664
2125.991 pos 0.9295233 0.4750289
2126.09 pos 0.9617564 0.5881147
2126.19 pos 0.9357954 0.6271899
2126.289 pos 0.8868424 0.6295356
2126.389 pos 0.7537006 0.5912093
2126.488 pos 0.5965967 0.5786995
2126.588 pos 0.4716106 0.5795277
2126.688 pos 0.4192431 0.5746578
2126.787 pos 0.3946955 0.5642778
2126.886 pos 0.3960333 0.5595472
2126.986 pos 0.4117761 0.5608329
2127.085 pos 0.3906955 0.5534418
2127.185 pos 0.3236464 0.5484975
2127.284 pos 0.1802271 0.528657
2127.384 pos 0.1174901 0.5194666
2127.483 pos 0.1096346 0.5107297
2127.582 pos 0.1766048 0.5031727
2127.682 pos 0.3571897 0.5022734
2127.781 pos 0.5299384 0.4443973
2127.881 pos 0.6204166 0.4297083
2127.98 pos 0.6547256 0.4217019
2128.08 pos 0.6684911 0.4232643
2128.179 pos 0.6328239 0.4753505
2128.279 pos 0.5196766 0.5529949
2128.378 pos 0.4545532 0.5772089
2128.478 pos 0.4411498 0.5771778
2128.577 gestureEnd important
2129.555 gestureStart
2129.555 pos 0.6380555 0.3960033
2129.655 pos 0.6330434 0.4130754
2129.754 pos 0.575833 0.4693938
2129.854 pos 0.4350169 0.5202125
2129.953 pos 0.3202689 0.5504183
2130.052 pos 0.2495402 0.5672389
2130.152 pos 0.215254 0.5767302
2130.251 pos 0.2020902 0.5668502
2130.351 pos 0.1968472 0.5328312
2130.45 pos 0.2018592 0.4911355
2130.55 pos 0.2030113 0.4751652
2130.649 pos 0.2113334 0.4699856
2130.715 gestureEnd need
2131.975 gestureStart
2131.975 pos 0.3881723 0.6938865
2132.058 select news
2133.036 gestureStart
2133.036 pos 0.1290829 0.5054638
2133.135 pos 0.1537634 0.5041921
2133.235 pos 0.3708333 0.5153814
2133.334 pos 0.7066143 0.5332727
2133.434 pos 0.900242 0.5184834
2133.533 pos 0.8624288 0.5062553
2133.632 pos 0.6588399 0.5053406
2133.732 pos 0.3826973 0.53461
2133.831 pos 0.1941419 0.5582649
2133.931 pos 0.1403293 0.572836
2134.03 pos 0.1082848 0.579643
2134.13 pos 0.1034694 0.5621101
2134.229 pos 0.1153279 0.5236809
2134.328 pos 0.1204215 0.4902676
2134.428 pos 0.1629517 0.4756735
2134.527 pos 0.3583109 0.5002204
2134.627 pos 0.5808259 0.5327217
2134.726 pos 0.6016866 0.556996
2134.826 pos 0.504589 0.5934354
2134.925 pos 0.4178604 0.6105148
2135.025 pos 0.340124 0.5936373
2135.124 pos 0.2841794 0.5605785
2135.224 pos 0.2549577 0.5329121
2135.323 pos 0.2453651 0.507599
2135.422 pos 0.2277705 0.4935409
2135.522 pos 0.2165841 0.4910277
2135.555 gestureEnd weekdays
2137.577 gestureStart
2137.577 pos 0.2210082 0.6814148
2137.677 pos 0.2419973 0.7046182
2137.71 select always
2138.572 gestureStart
2138.572 pos 0.2075506 0.4878613
2138.671 pos 0.2186275 0.5253083
2138.771 pos 0.2556536 0.5793318
2138.87 pos 0.3038827 0.611495
2138.969 pos 0.3784493 0.5956501
2139.069 pos 0.5134391 0.5179445
2139.168 pos 0.6288544 0.4639432
2139.268 pos 0.70569 0.4242102
2139.367 pos 0.7534534 0.3873129
2139.467 pos 0.7550759 0.3720819
2139.566 pos 0.6557755 0.4133231
2139.666 pos 0.4665455 0.4556499
2139.765 pos 0.3064717 0.4894761
2139.865 pos 0.2441336 0.4977024
2139.964 pos 0.2344174 0.5060132
2140.064 pos 0.2382299 0.5059299
2140.13 gestureEnd seems
2141.323 gestureStart
2141.323 pos 0.4251516 0.5981694
2141.423 pos 0.4489546 0.6017776
2141.522 pos 0.5436967 0.6002873
2141.622 pos 0.6635771 0.601902
2141.721 pos 0.7214566 0.6078595
2141.821 pos 0.7447857 0.6133578
2141.92 pos 0.7517008 0.6147282
2142.02 pos 0.7646222 0.6136796
2142.119 pos 0.7814299 0.6179344
2142.219 pos 0.8090432 0.6190803
2142.318 pos 0.8322361 0.6188799
2142.417 pos 0.8501108 0.6185273
2142.517 pos 0.8535313 0.612544
2142.534 gestureEnd to
2143.694 gestureStart
2143.694 pos 0.55452 0.4240261
2143.793 pos 0.5358782 0.4221773
2143.893 pos 0.5270941 0.4241613
2143.992 pos 0.4579388 0.4585782
2144.092 pos 0.3577515 0.5074635
2144.191 pos 0.3182475 0.5314914
2144.291 pos 0.2931255 0.5532988
2144.39 pos 0.269313 0.5829324
2144.49 pos 0.2476632 0.5997375
2144.589 gestureEnd be
2145.782 gestureStart
2145.782 pos 0.9282414 0.4917168
2145.882 pos 0.9172004 0.4897227
2145.981 pos 0.8816783 0.486926
2146.081 pos 0.7122576 0.4902387
2146.18 pos 0.4882224 0.5002738
2146.28 pos 0.3081402 0.5091001
2146.379 pos 0.1082016 0.5166906
2146.479 pos 0.01160274 0.5174835
2146.578 pos 0.03653474 0.5237027
2146.677 pos 0.2099159 0.5332757
2146.777 pos 0.4077474 0.5453232
2146.877 pos 0.5068541 0.5664072
2146.976 pos 0.516306 0.5812021
2147.076 pos 0.4978287 0.5938849
2147.175 pos 0.479902 0.598564
2147.274 pos 0.4486359 0.5997969
2147.374 pos 0.3944977 0.5904436
2147.473 pos 0.3640714 0.5808287
2147.573 pos 0.3562368 0.5640985
2147.672 pos 0.3397707 0.5528536
2147.771 pos 0.3116683 0.5509982
2147.871 pos 0.2627526 0.5562639
2147.97 pos 0.2259804 0.5608556
2148.07 pos 0.2250549 0.5635065
2148.169 pos 0.2343767 0.5649866
2148.236 gestureEnd large
2149.529 gestureStart
2149.529 pos 0.4840992 0.7176846
2149.562 select late
2150.623 gestureStart
2150.623 pos -0.2570285 0.3584614
