2481.638 session normal_0.6_2
2481.638 phrase the registration period is over
2486.478 gestureStart
2486.478 pos 0.4394568 0.6260738
2486.577 pos 0.4734975 0.5895811
2486.677 pos 0.6227743 0.5050902
2486.776 pos 0.7162365 0.4977075
2486.875 pos 0.6105815 0.5254445
2486.975 pos 0.4200585 0.5875618
2487.074 pos 0.2731455 0.6217534
2487.174 pos 0.2408312 0.6320664
2487.224 gestureEnd tie
2488.119 gestureStart
2488.119 pos 0.3467938 0.6238384
2488.218 pos 0.319133 0.6250466
2488.318 pos 0.2985535 0.6200024
2488.417 pos 0.2460571 0.5837343
2488.516 pos 0.2293651 0.5861652
2488.616 pos 0.3752604 0.5749519
2488.715 pos 0.5147995 0.5236039
2488.815 pos 0.5331384 0.5182647
2488.914 pos 0.614252 0.563733
2489.014 pos 0.7270973 0.624916
2489.113 pos 0.7505349 0.625798
2489.213 pos 0.6322293 0.6096095
2489.312 pos 0.4349866 0.5897321
2489.412 pos 0.294305 0.5448855
2489.511 pos 0.2796687 0.5116565
2489.61 pos 0.3019616 0.500828
2489.71 pos 0.2992148 0.4988882
2489.809 pos 0.3046449 0.5129211
2489.909 pos 0.4217421 0.5436016
2490.008 pos 0.5124715 0.5757866
2490.107 pos 0.510529 0.5827941
2490.207 pos 0.4563089 0.5795038
2490.307 pos 0.3703111 0.5704452
2490.406 pos 0.3175154 0.5631868
2490.505 pos 0.1649598 0.5390049
2490.605 pos 0.01100063 0.4997094
2490.704 pos 0.04589305 0.4965725
2490.804 pos 0.2234968 0.5098248
2490.903 pos 0.4285059 0.5376807
2491.003 pos 0.6087739 0.5749278
2491.102 pos 0.7430397 0.5784974
2491.202 pos 0.8335966 0.5620796
2491.301 pos 0.8307976 0.5262326
2491.401 pos 0.7358992 0.4927773
2491.5 pos 0.6210856 0.4842683
2491.6 pos 0.5808852 0.4417442
2491.683 gestureEnd registration
2494.666 gestureStart
2494.666 pos -0.4587529 0.4738653
2494.766 delete
2494.766 delete
2495.811 gestureStart
2495.811 pos 0.4503969 0.5777625
2495.91 pos 0.4687998 0.5644271
2496.009 pos 0.5683433 0.5304383
2496.109 pos 0.6484159 0.5258859
2496.208 pos 0.5989555 0.5296752
2496.308 pos 0.3842445 0.5629424
2496.407 pos 0.1959367 0.5987681
2496.507 pos 0.1960513 0.6053625
2496.523 gestureEnd the
2497.319 gestureStart
2497.319 pos 0.3494452 0.5826688
2497.418 pos 0.2859256 0.5921342
2497.518 pos 0.2500809 0.5971481
2497.617 pos 0.3144864 0.5824709
2497.767 pos 0.4803142 0.53536
2497.866 pos 0.5603702 0.519685
2497.966 pos 0.6338921 0.5381699
2498.065 pos 0.7255873 0.6234683
2498.165 pos 0.7832407 0.6573608
2498.264 pos 0.6631691 0.6264572
2498.364 pos 0.4123389 0.576068
2498.463 pos 0.2453459 0.546702
2498.563 pos 0.1700644 0.5266118
2498.662 pos 0.1794516 0.5254511
2498.761 pos 0.3048259 0.5561628
2498.861 pos 0.4512281 0.5898068
2498.96 pos 0.4589026 0.6061416
2499.06 pos 0.3689207 0.6175076
2499.159 pos 0.3007371 0.6254369
2499.259 pos 0.4158087 0.6252711
2499.358 pos 0.522332 0.5926908
2499.458 pos 0.4004895 0.5691534
2499.557 pos 0.2429247 0.5620144
2499.656 pos 0.1003715 0.5066451
2499.756 pos 0.03357859 0.4506932
2499.855 pos 0.1157031 0.4391218
2499.955 pos 0.285019 0.4898905
2500.054 pos 0.5086782 0.536126
2500.154 pos 0.6768245 0.5657899
2500.253 pos 0.805903 0.5779928
2500.353 pos 0.8744515 0.5743092
2500.452 pos 0.855123 0.5497649
2500.552 pos 0.7448688 0.4877468
2500.651 pos 0.5975586 0.4282665
2500.75 pos 0.5168813 0.4178982
2500.85 pos 0.5053935 0.4515292
2500.949 pos 0.5147521 0.4610931
2500.999 gestureEnd discussing
2502.624 gestureStart
2502.624 pos -0.369799 0.4611553
2502.673 delete
2502.673 delete
2504.066 gestureStart
2504.066 pos 0.4887035 0.5938346
2504.165 pos 0.5649208 0.5528543
2504.265 pos 0.6041566 0.4941486
2504.364 pos 0.5453889 0.4774371
2504.464 pos 0.3537447 0.4966563
2504.563 pos 0.2190754 0.5084555
2504.646 gestureEnd tubes
2505.69 gestureStart
2505.69 pos 0.2950849 0.7181349
2505.74 select the
2506.37 gestureStart
2506.37 pos 0.3717581 0.5607408
2506.469 pos 0.3225771 0.5660174
2506.569 pos 0.2981821 0.5646792
2506.668 pos 0.2911436 0.5539644
2506.768 pos 0.3285898 0.5179379
2506.867 pos 0.3908971 0.4995209
2506.967 pos 0.4117847 0.4911117
2507.066 pos 0.5023791 0.4923491
2507.166 pos 0.5164258 0.4935788
2507.265 pos 0.4685779 0.5221992
2507.365 pos 0.5349005 0.5815346
2507.464 pos 0.6676462 0.6042868
2507.563 pos 0.7488741 0.6253364
2507.663 pos 0.6902997 0.6308376
2507.762 pos 0.5180631 0.6159396
2507.862 pos 0.3425084 0.5848196
2507.961 pos 0.2533398 0.5393952
2508.061 pos 0.2734934 0.531907
2508.16 pos 0.3154867 0.5349576
2508.26 pos 0.3849283 0.5791396
2508.359 pos 0.4699978 0.6157532
2508.459 pos 0.4688831 0.6179423
2508.558 pos 0.3892192 0.6024637
2508.657 pos 0.2665212 0.5649005
2508.757 pos 0.1020448 0.5235022
2508.856 pos 0.04456825 0.4694524
2508.956 pos 0.1516212 0.4501845
2509.055 pos 0.3686085 0.4899819
2509.155 pos 0.6105868 0.5391201
2509.254 pos 0.7579424 0.5588759
2509.354 pos 0.8015208 0.5343869
2509.453 pos 0.7830837 0.5048839
2509.552 pos 0.7069909 0.44938
2509.702 pos 0.5873454 0.4168706
2509.801 pos 0.5817628 0.4194281
2509.851 gestureEnd registration
2510.58 gestureStart
2510.58 pos 0.9260222 0.6218845
2510.68 pos 0.8174068 0.6168925
2510.779 pos 0.6911238 0.6140003
2510.879 pos 0.5501462 0.6000009
2510.978 pos 0.4132142 0.6011604
2511.078 pos 0.2895521 0.605198
2511.177 pos 0.2281062 0.602909
2511.276 pos 0.2943301 0.5880308
2511.376 pos 0.4320992 0.5819691
2511.475 pos 0.6126698 0.5888945
2511.575 pos 0.7789834 0.5986487
2511.674 pos 0.8577414 0.5822313
2511.774 pos 0.7540451 0.5651334
2511.873 pos 0.5419783 0.5509221
2511.973 pos 0.3042737 0.522211
2512.072 pos 0.1777406 0.506687
2512.172 pos 0.2011134 0.4958407
2512.221 gestureEnd periods
2514.177 gestureStart
2514.177 pos 0.779295 0.6462672
2514.277 pos 0.8423049 0.6392405
2514.376 pos 0.7378725 0.6275872
2514.476 pos 0.5452098 0.6249119
2514.575 pos 0.3681459 0.5839417
2514.675 pos 0.3053434 0.5398489
2514.774 pos 0.3130013 0.507192
2514.874 pos 0.2942095 0.4943172
2514.973 pos 0.222771 0.4902067
2515.073 pos 0.2036047 0.4936472
2515.156 gestureEnd odds
2516.167 gestureStart
2516.167 pos 0.5940152 0.6861765
2516.266 pos 0.5734394 0.6864371
2516.283 select is
2516.863 gestureStart
2516.863 pos 0.8879248 0.5665528
2516.962 pos 0.8322936 0.5595535
2517.062 pos 0.7420442 0.5456366
2517.161 pos 0.6176037 0.4986187
2517.26 pos 0.4970749 0.457582
2517.36 pos 0.4094432 0.4238314
2517.459 pos 0.3540458 0.4195048
2517.559 pos 0.3034898 0.485944
2517.658 pos 0.2386264 0.5370691
2517.758 pos 0.2218748 0.554538
2517.857 pos 0.2734168 0.5827898
2517.957 pos 0.3554863 0.5921052
2518.056 pos 0.3775027 0.5834435
2518.073 gestureEnd over
2520.278 phrase there will be some fog tonight
2522.714 gestureStart
2522.714 pos 0.4654157 0.5703461
2522.814 pos 0.4729037 0.5712792
2522.913 pos 0.5194721 0.5446138
2523.013 pos 0.5551385 0.5063959
2523.112 pos 0.5100574 0.5108594
2523.212 pos 0.4473576 0.5345012
2523.311 pos 0.3195335 0.5552958
2523.411 pos 0.247949 0.5786221
2523.51 pos 0.2449332 0.6020874
2523.61 pos 0.2451668 0.603653
2523.709 pos 0.3095702 0.5887637
2523.809 pos 0.3754368 0.579504
2523.842 gestureEnd theft
2525.598 gestureStart
2525.598 pos -0.4192993 0.4608769
2525.632 delete
2526.891 gestureStart
2526.891 pos 0.4427288 0.5856322
2526.991 pos 0.5081735 0.5581273
2527.09 pos 0.5397257 0.5167763
2527.19 pos 0.5580441 0.4923878
2527.289 pos 0.5466081 0.4819472
2527.389 pos 0.4095233 0.4894243
2527.488 pos 0.2331815 0.5280035
2527.588 pos 0.1937056 0.5627315
2527.687 pos 0.2635375 0.5896727
2527.787 pos 0.3249522 0.5802429
2527.886 pos 0.3534313 0.5720614
2527.985 pos 0.3133678 0.5622202
2528.085 pos 0.2002546 0.5688506
2528.185 pos 0.1543977 0.5891043
2528.251 gestureEnd fee
2529.212 gestureStart
2529.212 pos 0.3250401 0.6964582
2529.262 select there
2529.643 gestureStart
2529.643 pos 0.1654235 0.5687391
2529.742 pos 0.2905617 0.5648059
2529.842 pos 0.489498 0.5833315
2529.941 pos 0.6914382 0.5760217
2530.041 pos 0.8042556 0.5578197
2530.14 pos 0.856006 0.5294052
2530.24 pos 0.8832328 0.4958214
2530.339 pos 0.887248 0.4890057
2530.372 gestureEnd will
2531.301 gestureStart
2531.301 pos 0.5151057 0.4096176
2531.449 pos 0.4629822 0.4489634
2531.549 pos 0.391282 0.4977562
2531.648 pos 0.3037871 0.5470908
2531.748 pos 0.2379883 0.5907703
2531.847 gestureEnd be
2532.51 gestureStart
2532.51 pos 0.1219116 0.5097833
2532.61 pos 0.1763772 0.5056279
2532.709 pos 0.267012 0.5281554
2532.809 pos 0.4150056 0.5540453
2532.908 pos 0.6523741 0.5954132
2533.008 pos 0.850164 0.6268932
2533.107 pos 0.901389 0.62624
2533.206 pos 0.8796946 0.6025937
2533.306 pos 0.8240616 0.5453917
2533.405 pos 0.7807022 0.4621934
2533.505 pos 0.7842842 0.3875027
2533.604 pos 0.7839831 0.375653
2533.703 pos 0.6494846 0.4166366
2533.803 pos 0.4390731 0.4973735
2533.903 pos 0.3283115 0.5773956
2534.002 pos 0.3326595 0.6309326
2534.101 pos 0.3249075 0.6376942
2534.118 gestureEnd some
2535.063 gestureStart
2535.063 pos 0.3993116 0.4972159
2535.162 pos 0.4218092 0.501214
2535.262 pos 0.5986858 0.5180779
2535.361 pos 0.790231 0.5495861
2535.46 pos 0.8413305 0.5630537
2535.56 pos 0.7592953 0.5618895
2535.659 pos 0.6224577 0.5471479
2535.759 pos 0.5279974 0.5069003
2535.858 pos 0.5064076 0.4773994
2535.958 gestureEnd fog
2536.554 gestureStart
2536.554 pos 0.507674 0.5931561
2536.654 pos 0.5484436 0.5815398
2536.753 pos 0.5586791 0.5730858
2536.853 pos 0.692328 0.5857964
2536.952 pos 0.8474698 0.5825515
2537.052 pos 0.8546217 0.5726472
2537.151 pos 0.7745392 0.5447724
2537.251 pos 0.7100952 0.4599506
2537.35 pos 0.682282 0.341885
2537.449 pos 0.6999087 0.3481661
2537.549 pos 0.731828 0.4203415
2537.648 pos 0.7603127 0.4891025
2537.748 pos 0.7817428 0.5296599
2537.847 pos 0.7636554 0.5618883
2537.947 pos 0.6616133 0.5855125
2538.046 pos 0.5433058 0.5457545
2538.146 pos 0.4914546 0.4832418
2538.245 pos 0.5142103 0.4545629
2538.344 pos 0.5346535 0.4568927
2538.444 pos 0.5633736 0.4772694
2538.543 pos 0.5630155 0.5212222
2538.643 pos 0.503158 0.585904
2538.742 pos 0.4752476 0.6096033
2538.842 pos 0.4750642 0.6186227
2538.858 gestureEnd tonight
2539.952 gestureStart
2539.952 pos -0.3020267 0.345095
2540.748 phrase can we play cards tonight
2542.438 gestureStart
2542.438 pos 0.3410066 0.4081895
2542.538 pos 0.2780297 0.4235375
2542.637 pos 0.07591553 0.4605159
2542.737 pos -0.03518433 0.4813722
2542.836 pos 0.08999147 0.4878179
2542.936 pos 0.3523866 0.4750924
2543.035 pos 0.5622467 0.4540259
2543.135 pos 0.6425501 0.4253035
2543.234 pos 0.6523511 0.4123535
2543.334 gestureEnd can
2543.98 gestureStart
2543.98 pos 0.1495967 0.6031718
2544.079 pos 0.183772 0.5937684
2544.179 pos 0.2472974 0.5933945
2544.278 pos 0.2855498 0.5986819
2544.295 gestureEnd we
2545.521 gestureStart
2545.521 pos 0.9609164 0.6352287
2545.621 pos 0.9641095 0.5971509
2545.72 pos 0.9199317 0.5490113
2545.82 pos 0.8494114 0.5340539
2545.919 pos 0.7618056 0.5010296
2546.019 pos 0.6250525 0.4808517
2546.118 pos 0.4182729 0.481003
2546.218 pos 0.1954806 0.4773065
2546.317 pos 0.05732474 0.4664373
2546.417 pos 0.0568677 0.4718028
2546.516 pos 0.1972501 0.521929
2546.665 pos 0.470782 0.5862888
2546.765 pos 0.5353173 0.5870049
2546.864 pos 0.5364383 0.5855457
2546.963 gestureEnd play
2548.058 gestureStart
2548.058 pos 0.330189 0.3793913
2548.157 pos 0.3149146 0.4030628
2548.256 pos 0.223235 0.4374432
2548.356 pos 0.08563662 0.4564226
2548.455 pos 0.04865313 0.4839022
2548.555 pos 0.1689448 0.5383385
2548.654 pos 0.3239189 0.5711185
2548.754 pos 0.3785936 0.555483
2548.853 pos 0.3350571 0.5066445
2548.952 pos 0.2833953 0.4634753
2549.052 pos 0.2303268 0.4729211
2549.151 pos 0.2081954 0.4800248
2549.251 pos 0.2019484 0.4885583
2549.284 gestureEnd cards
2550.063 gestureStart
2550.063 pos 0.4404127 0.6049032
2550.162 pos 0.5728708 0.5936885
2550.262 pos 0.7545304 0.5658289
2550.361 pos 0.8286756 0.5312376
2550.461 pos 0.7668832 0.4729038
2550.56 pos 0.7088062 0.3728628
2550.659 pos 0.710355 0.3707002
2550.759 pos 0.7416289 0.4307915
2550.859 pos 0.7474478 0.5213095
2550.958 pos 0.7284171 0.5610328
2551.057 pos 0.6740623 0.5774097
2551.157 pos 0.6073848 0.5252445
2551.256 pos 0.5310198 0.4768572
2551.356 pos 0.5030221 0.4702654
2551.455 pos 0.5255909 0.4825238
2551.555 pos 0.5731557 0.5062656
2551.654 pos 0.5692853 0.5445169
2551.754 pos 0.5184641 0.5784159
2551.853 pos 0.4863267 0.5894769
2551.952 pos 0.4710625 0.5940189
2551.969 gestureEnd tonight
2553.063 gestureStart
2553.063 pos -0.2587644 0.3390577
2553.677 phrase olympic athletes use drugs
2556.229 gestureStart
2556.229 pos 0.8508101 0.5916541
2556.328 pos 0.8503914 0.5933649
2556.428 pos 0.853377 0.5912426
2556.527 pos 0.8707008 0.574038
2556.626 pos 0.8832644 0.5255414
2556.726 pos 0.8690098 0.5027081
2556.825 pos 0.8461002 0.4873982
2556.925 pos 0.7927631 0.4308316
2557.074 pos 0.6755881 0.4147216
2557.174 pos 0.6721167 0.4196783
2557.273 pos 0.6794692 0.4203399
2557.373 pos 0.6799464 0.4132611
2557.472 pos 0.6791741 0.4230207
2557.572 pos 0.67295 0.4437908
2557.671 pos 0.6310661 0.4562066
2557.77 pos 0.4226119 0.4578395
2557.87 pos 0.1141084 0.4513541
2557.969 pos -0.1728436 0.44388
2558.069 pos -0.3464717 0.4314962
2558.168 pos -0.4075011 0.4201121
2558.268 pos -0.4185185 0.4214332
2558.367 pos -0.4180638 0.4290892
2560.024 gestureStart
2560.024 pos 0.8672097 0.5722277
2560.124 pos 0.8802974 0.5415336
2560.223 pos 0.9065586 0.5040593
2560.323 pos 0.8512299 0.4877365
2560.422 pos 0.6758269 0.5246488
2560.522 pos 0.5377712 0.5568498
2560.621 pos 0.5309023 0.5604554
2560.721 pos 0.6523468 0.5025005
2560.82 pos 0.7812299 0.4059894
2560.919 pos 0.8276088 0.3969892
2561.019 pos 0.8810568 0.4973924
2561.118 pos 0.9834601 0.5957803
2561.218 pos 0.9851523 0.575839
2561.317 pos 0.8495603 0.5630864
2561.417 pos 0.7218494 0.5608103
2561.516 pos 0.5917349 0.5675083
2561.615 pos 0.4870498 0.4930666
2561.715 pos 0.3693311 0.4310887
2561.814 pos 0.3119596 0.4125888
2561.914 pos 0.300476 0.4286669
2561.947 gestureEnd olympic
2562.676 gestureStart
2562.676 pos 0.0288065 0.5174885
2562.776 pos 0.2971105 0.5020164
2562.875 pos 0.6584346 0.4884544
2562.975 pos 0.9183949 0.4849457
2563.074 pos 0.9064606 0.4926144
2563.174 pos 0.6752492 0.5498716
2563.273 pos 0.4823769 0.6120203
2563.373 pos 0.3938387 0.640296
2563.472 pos 0.4070157 0.6287488
2563.572 pos 0.4741572 0.586292
2563.671 pos 0.5613695 0.5281205
2563.771 pos 0.5978774 0.4840916
2563.87 pos 0.6095442 0.4876905
2563.969 pos 0.5840024 0.4808171
2564.069 pos 0.5654796 0.4820405
2564.168 pos 0.6783776 0.4913907
2564.268 pos 0.8296022 0.4867288
2564.367 pos 0.8348303 0.4896531
2564.466 pos 0.6948503 0.5125108
2564.566 pos 0.4962339 0.559186
2564.665 pos 0.320759 0.61854
2564.765 pos 0.3019906 0.629032
2564.864 pos 0.3610966 0.6057557
2564.964 pos 0.4235365 0.5679996
2565.063 pos 0.3853883 0.5544399
2565.162 pos 0.2686868 0.5217656
2565.262 pos 0.1882104 0.4924177
2565.361 gestureEnd altitudes
2567.019 gestureStart
2567.019 pos -0.4871756 0.4484801
2567.118 pos -0.4457609 0.4484491
2567.168 delete
2567.168 delete
2568.411 gestureStart
2568.411 pos 0.8583597 0.5799572
2568.51 pos 0.8497483 0.566906
2568.61 pos 0.8517971 0.5400374
2568.709 pos 0.8652685 0.5181561
2568.809 pos 0.8995514 0.4971882
2568.908 pos 0.9064072 0.4791092
2569.008 pos 0.7463256 0.5172755
2569.107 pos 0.5266501 0.5987902
2569.207 pos 0.5153633 0.6084867
2569.306 pos 0.6539136 0.55042
2569.406 pos 0.7797201 0.4555408
2569.505 pos 0.8305677 0.3998557
2569.604 pos 0.8846202 0.4590192
2569.704 pos 0.9793741 0.5679809
2569.803 pos 1.035717 0.603012
2569.903 pos 0.9407698 0.5837492
2570.002 pos 0.7662852 0.5742924
2570.102 pos 0.5703102 0.5728506
2570.201 pos 0.4365007 0.5307935
2570.301 pos 0.3904456 0.4024574
2570.4 pos 0.3771239 0.4023826
2570.5 pos 0.3669241 0.4040934
2570.582 gestureEnd olympic
2571.146 gestureStart
2571.146 pos -0.0005630493 0.428956
2571.245 pos 0.07967301 0.4512288
2571.345 pos 0.1117486 0.4832662
2571.444 pos 0.1439058 0.500635
2571.543 pos 0.2555606 0.5176502
2571.643 pos 0.4247847 0.5432305
2571.742 pos 0.5309222 0.5692741
2571.842 pos 0.569595 0.5602564
2571.941 pos 0.5657242 0.5225684
2572.041 pos 0.5334125 0.5138994
2572.14 pos 0.4904455 0.5299565
2572.24 pos 0.5652376 0.5460472
2572.339 pos 0.7260432 0.5356141
2572.439 pos 0.8180049 0.5278872
2572.538 pos 0.8256478 0.536359
2572.638 pos 0.7632585 0.5447801
2572.737 pos 0.6060748 0.5550705
2572.837 pos 0.4168091 0.5925956
2572.936 pos 0.3054347 0.632458
2573.035 pos 0.2919467 0.6405612
2573.135 pos 0.3165746 0.6177227
2573.234 pos 0.3593162 0.5946677
2573.334 pos 0.3488906 0.5957894
2573.433 pos 0.218924 0.5927132
2573.533 pos 0.08848262 0.5812204
2573.632 pos 0.07245836 0.5506635
2573.731 pos 0.1050023 0.5118232
2573.831 pos 0.1514324 0.4974504
2573.93 pos 0.1905972 0.4887944
2575.223 gestureStart
2575.223 pos -0.351576 0.4700539
2575.24 delete
2577.046 gestureStart
2577.046 pos 0.8634392 0.5798056
2577.146 pos 0.8776861 0.5285448
2577.245 pos 0.8995161 0.4882697
2577.345 pos 0.8335412 0.4768777
2577.444 pos 0.6464115 0.5062195
2577.543 pos 0.5610175 0.5355221
2577.643 pos 0.6169816 0.5406295
2577.742 pos 0.7073333 0.5281371
2577.842 pos 0.7769451 0.4855495
2577.941 pos 0.8184823 0.4356936
2578.041 pos 0.8342615 0.4126332
2578.14 pos 0.8477361 0.4316646
2578.24 pos 0.8766341 0.5431757
2578.339 pos 0.9287173 0.6119246
2578.438 pos 0.9399074 0.6081133
2578.538 pos 0.8357542 0.5782932
2578.637 pos 0.7240765 0.5433757
2578.737 pos 0.6328003 0.4901322
2578.836 pos 0.5436316 0.4269762
2578.936 pos 0.4456307 0.3726805
2579.035 pos 0.3544629 0.3649501
2579.135 pos 0.3091558 0.3695892
2579.234 pos 0.308302 0.3794448
2579.267 gestureEnd olympic
2580.063 gestureStart
2580.063 pos 0.09224539 0.5318707
2580.162 pos 0.3278241 0.519761
2580.262 pos 0.6679895 0.4885855
2580.361 pos 0.893976 0.4621646
2580.461 pos 0.828622 0.4871719
2580.56 pos 0.6063185 0.5790308
2580.66 pos 0.42143 0.676818
2580.759 pos 0.3783276 0.668429
2580.859 pos 0.4475423 0.614836
2580.958 pos 0.5264341 0.5699794
2581.057 pos 0.610076 0.5360462
2581.157 pos 0.7208357 0.5285396
2581.256 pos 0.8679855 0.5334392
2581.356 pos 0.9507424 0.5167768
2581.455 pos 0.855616 0.5158612
2581.555 pos 0.6727246 0.5280415
2581.654 pos 0.4698673 0.5639381
2581.753 pos 0.3242275 0.5926178
2581.853 pos 0.248199 0.5937307
2581.952 pos 0.235502 0.5954855
2582.052 pos 0.3384915 0.5910793
2582.151 pos 0.4910327 0.5837892
2582.25 pos 0.4826392 0.5788433
2582.35 pos 0.3494479 0.5719118
2582.449 pos 0.2434905 0.5594394
2582.549 pos 0.1890495 0.5399433
2582.648 pos 0.1941138 0.512282
2582.748 pos 0.2095061 0.4992622
2582.847 pos 0.2191098 0.5002371
2582.864 gestureEnd airports
2585.167 gestureStart
2585.167 pos -0.4244243 0.4459148
2585.201 delete
2585.201 delete
2586.476 gestureStart
2586.476 pos 0.8566265 0.5905778
2586.576 pos 0.8556799 0.5510803
2586.675 pos 0.8680402 0.5036637
2586.775 pos 0.8694128 0.4769373
2586.874 pos 0.7686249 0.5196345
2586.974 pos 0.6077465 0.5691499
2587.073 pos 0.5037722 0.5976169
2587.173 pos 0.5566155 0.5888803
2587.272 pos 0.7017148 0.5345969
2587.372 pos 0.8347898 0.5154597
2587.471 pos 0.916633 0.5341786
2587.57 pos 0.9392048 0.531364
2587.67 pos 0.938045 0.5272595
2587.769 pos 0.8497689 0.5339123
2587.869 pos 0.6971304 0.5537773
2587.968 pos 0.6579778 0.5340307
2588.068 pos 0.6913809 0.4692754
2588.167 pos 0.7279077 0.4405805
2588.266 pos 0.7346125 0.4260385
2588.366 pos 0.6589855 0.4142607
2588.465 pos 0.532686 0.4148625
2588.565 pos 0.4344046 0.4216795
2588.665 pos 0.349135 0.4306652
2588.764 pos 0.3183097 0.4217086
2588.863 pos 0.3061394 0.4215211
2588.88 gestureEnd olympic
2590.222 gestureStart
2590.222 pos 0.1573446 0.5048307
2590.322 pos 0.2611673 0.5422167
2590.421 pos 0.370037 0.609605
2590.521 pos 0.4322219 0.6210226
2590.62 pos 0.4814948 0.5802588
2590.72 pos 0.5738188 0.5343625
2590.819 pos 0.7007694 0.5456651
2590.918 pos 0.8253849 0.5342185
2591.018 pos 0.8872649 0.492732
2591.117 pos 0.7398496 0.504985
2591.217 pos 0.5208679 0.5519695
2591.316 pos 0.3624773 0.593593
2591.466 pos 0.3331693 0.6029929
2591.565 pos 0.3135357 0.6054506
2591.665 pos 0.2807958 0.6071147
2591.764 pos 0.3378098 0.6047364
2591.863 pos 0.4044134 0.6062006
2591.963 pos 0.4056582 0.6113605
2592.063 pos 0.3457199 0.6121079
2592.162 pos 0.2116944 0.5912429
2592.261 pos 0.09337454 0.5760505
2592.361 pos 0.0786324 0.5501537
2592.46 pos 0.1145633 0.5222316
2592.56 pos 0.1563084 0.5181994
2592.659 pos 0.1846972 0.5210238
2592.759 pos 0.2276961 0.5209704
2592.775 gestureEnd alleged
2594.864 gestureStart
2594.864 pos 0.4193111 0.7041026
2594.88 select athletes
2595.444 gestureStart
2595.444 pos 0.6541513 0.6009464
2595.543 pos 0.5580752 0.5849506
2595.642 pos 0.3933144 0.5510868
2595.742 pos 0.2700142 0.4936642
2595.841 pos 0.2268843 0.4884901
2595.941 pos 0.2257085 0.4973142
2596.04 pos 0.2719664 0.5595685
2596.14 pos 0.3092053 0.6085831
2596.156 gestureEnd use
2596.802 gestureStart
2596.802 pos 0.2805901 0.5107773
2596.902 pos 0.3503354 0.5509946
2597.001 pos 0.4248078 0.5940461
2597.151 pos 0.3741226 0.6276485
2597.25 pos 0.4194911 0.6400989
2597.349 pos 0.5572105 0.6199105
2597.449 pos 0.6382893 0.5955596
2597.548 pos 0.6065143 0.5746284
2597.647 pos 0.5216822 0.5446752
2597.747 pos 0.4250412 0.4950593
2597.847 pos 0.3303107 0.467057
2597.946 pos 0.2448978 0.4605921
2598.045 pos 0.2083714 0.462919
2598.079 gestureEnd drugs
2599.156 gestureStart
2599.156 pos -0.2803095 0.3443367
2599.255 pos -0.2854012 0.3554252
2600.167 phrase nothing wrong with his style
2602.604 gestureStart
2602.604 pos 0.6661576 0.437018
2602.703 pos 0.6568875 0.4338468
2602.802 pos 0.65459 0.4312599
2602.902 pos 0.7479573 0.5036272
2603.001 pos 0.8694949 0.5545306
2603.101 pos 0.8054923 0.5854301
2603.2 pos 0.5667663 0.5898191
2603.3 pos 0.4203749 0.5902126
2603.399 pos 0.4578189 0.5821927
2603.498 pos 0.5846156 0.540139
2603.598 pos 0.672385 0.5159777
2603.697 pos 0.688632 0.5815321
2603.797 pos 0.7177122 0.6366529
2603.896 pos 0.747781 0.5742578
2603.996 pos 0.7229865 0.4591766
2604.095 pos 0.6758822 0.3988459
2604.195 pos 0.623943 0.4153297
2604.294 pos 0.547451 0.4546546
2604.394 pos 0.4740809 0.484041
2604.46 gestureEnd nothing
2605.338 gestureStart
2605.338 pos 0.1989127 0.6416235
2605.438 pos 0.2882506 0.6378464
2605.537 pos 0.4502094 0.6191407
2605.636 pos 0.6724772 0.6180346
2605.736 pos 0.8392926 0.6087056
2605.835 pos 0.9010664 0.5723772
2605.935 pos 0.8256818 0.5092456
2606.034 pos 0.7246508 0.4311664
2606.134 pos 0.6532476 0.3815136
2606.233 pos 0.5950952 0.408338
2606.333 pos 0.5279605 0.4792972
2606.432 pos 0.4747592 0.5254332
2606.482 gestureEnd wolf
2607.89 gestureStart
2607.89 pos 0.6712889 0.6924754
2607.907 select wrong
2608.454 gestureStart
2608.454 pos 0.1843319 0.5594144
2608.553 pos 0.3022069 0.5725231
2608.653 pos 0.4828953 0.5952064
2608.752 pos 0.7084562 0.6043727
2608.852 pos 0.8043563 0.605363
2608.951 pos 0.724114 0.6044369
2609.051 pos 0.6029601 0.6030225
2609.15 pos 0.4924592 0.5893464
2609.25 pos 0.4810241 0.5756198
2609.349 pos 0.5552365 0.5484133
2609.448 pos 0.6189706 0.5197117
2609.548 pos 0.6211485 0.5175152
2609.581 gestureEnd with
2610.145 gestureStart
2610.145 pos 0.6071763 0.4861034
2610.244 pos 0.6907166 0.5004011
2610.343 pos 0.7480283 0.5640243
2610.443 pos 0.7436706 0.5988455
2610.542 pos 0.5905807 0.609389
2610.642 pos 0.3727829 0.588734
2610.741 pos 0.2140042 0.5508795
2610.84 pos 0.1442246 0.5277865
2610.94 pos 0.152354 0.5149236
2611.006 gestureEnd hits
2612.1 gestureStart
2612.1 pos 0.09168205 0.7143943
2612.183 select his
2612.597 gestureStart
2612.597 pos 0.1748681 0.4951494
2612.697 pos 0.2306559 0.4954115
2612.796 pos 0.3493752 0.5142691
2612.896 pos 0.4311455 0.5584071
2612.995 pos 0.4355495 0.5964687
2613.144 pos 0.4712712 0.6205314
2613.244 pos 0.6364079 0.6215284
2613.343 pos 0.8305376 0.6225764
2613.443 pos 0.9091836 0.5816354
2613.542 pos 0.8446546 0.5326157
2613.642 pos 0.7155469 0.5193943
2613.741 pos 0.5195044 0.5208516
2613.84 pos 0.3476356 0.5449811
2613.94 pos 0.2616082 0.5667648
2614.039 pos 0.2525158 0.5759204
2614.139 gestureEnd stole
2615.249 gestureStart
2615.249 pos 0.6275403 0.6681345
2615.349 pos 0.6208492 0.6997528
2615.365 select style
2616.21 gestureStart
2616.21 pos -0.4441568 0.3687516
2617.155 phrase my favorite place to visit
2619.31 gestureStart
2619.31 pos 0.7373693 0.4028359
2619.409 pos 0.7461488 0.4560007
2619.509 pos 0.696907 0.5360396
2619.608 pos 0.6052897 0.5772396
2619.708 pos 0.6025676 0.5817474
2619.724 gestureEnd my
2620.652 gestureStart
2620.652 pos 0.4170453 0.4927073
2620.752 pos 0.3601121 0.4848135
2620.851 pos 0.1655669 0.5095398
2620.951 pos 0.04347844 0.5032218
2621.05 pos 0.1793517 0.4800249
2621.15 pos 0.384132 0.4377901
2621.249 pos 0.5525748 0.389524
2621.348 pos 0.65813 0.4337296
2621.448 pos 0.8039438 0.5535156
2621.547 pos 0.9613119 0.5847555
2621.647 pos 0.8904728 0.5862802
2621.746 pos 0.6965293 0.6059136
2621.846 pos 0.4997867 0.6276573
2621.945 pos 0.445535 0.6243603
2622.044 pos 0.6092165 0.5969975
2622.144 pos 0.8003851 0.5817352
2622.243 pos 0.8462837 0.5850773
2622.343 pos 0.7582178 0.5824147
2622.442 pos 0.6420591 0.5878949
2622.542 pos 0.4991294 0.5872372
2622.641 pos 0.4152009 0.5863311
2622.741 pos 0.4112982 0.5834357
2622.84 pos 0.3842065 0.5773769
2622.939 pos 0.2760778 0.569373
2623.039 pos 0.2577177 0.5655594
2623.138 gestureEnd facilities
2624.497 gestureStart
2624.497 pos 0.2465801 0.6989433
2624.564 select favorite
2625.21 gestureStart
2625.21 pos 0.925211 0.581948
2625.309 pos 0.9403291 0.5736723
2625.409 pos 0.9045175 0.5302269
2625.508 pos 0.6925819 0.4842955
2625.608 pos 0.4001179 0.4733502
2625.707 pos 0.1024789 0.4739125
2625.807 pos -0.04109216 0.461279
2625.906 pos 0.01539607 0.4494094
2626.005 pos 0.149417 0.4362759
2626.105 pos 0.2480269 0.4230841
2626.204 pos 0.2806187 0.4246836
2626.304 pos 0.3185521 0.4737086
2626.403 pos 0.3246908 0.5390583
2626.503 pos 0.2990928 0.5660625
2626.602 pos 0.2516288 0.5774562
2626.685 gestureEnd place
2627.514 gestureStart
2627.514 pos 0.4737699 0.5999693
2627.613 pos 0.5088588 0.5983543
2627.713 pos 0.5531675 0.5905988
2627.812 pos 0.6463284 0.5946098
2627.911 pos 0.7677333 0.6075988
2628.011 pos 0.8342897 0.6149311
2628.077 gestureEnd to
2629.105 gestureStart
2629.105 pos 0.4315734 0.4434321
2629.271 pos 0.5563565 0.4475423
2629.37 pos 0.6401671 0.4929281
2629.469 pos 0.6149211 0.5699453
2629.569 pos 0.5253676 0.6313542
2629.668 pos 0.4931687 0.6316979
2629.768 pos 0.3551561 0.6044141
2629.867 pos 0.2036385 0.5973021
2629.967 pos 0.1624489 0.5730708
2630.066 pos 0.2230279 0.5406981
2630.165 pos 0.3824582 0.5323514
2630.265 pos 0.5919644 0.5627614
2630.364 pos 0.7380428 0.5734259
2630.464 pos 0.722385 0.5753412
2630.563 pos 0.5907908 0.5846269
2630.662 pos 0.4825736 0.5971828
2630.762 pos 0.4189278 0.6013939
2630.795 gestureEnd visit
2631.806 gestureStart
2631.806 pos -0.3064514 0.3308787
2632.535 phrase exceed the maximum speed limit
2636.314 gestureStart
2636.314 pos 0.2378516 0.5750199
2636.414 pos 0.2648067 0.4832884
2636.513 pos 0.2669868 0.3954405
2636.612 pos 0.2686309 0.3679407
2636.712 pos 0.3333359 0.3688836
2636.811 pos 0.3543591 0.4221789
2636.911 pos 0.2935 0.5461046
2637.01 pos 0.2687278 0.6204315
2637.11 pos 0.289981 0.6129785
2637.209 pos 0.3113678 0.5510051
2637.308 pos 0.3002273 0.5017231
2637.408 pos 0.2883832 0.494397
2637.441 gestureEnd exceed
2638.253 gestureStart
2638.253 pos 0.4364888 0.5769242
2638.352 pos 0.4779678 0.5540146
2638.452 pos 0.5484201 0.5071121
2638.551 pos 0.5627172 0.4800798
2638.65 pos 0.5040349 0.4966597
2638.75 pos 0.3669529 0.5397838
2638.849 pos 0.2458353 0.5678728
2638.949 pos 0.2335989 0.570572
2638.982 gestureEnd the
2639.893 gestureStart
2639.893 pos 0.6737264 0.4230925
2639.993 pos 0.6964612 0.4230505
2640.092 pos 0.705223 0.4202884
2640.192 pos 0.6291579 0.4164023
2640.291 pos 0.4182259 0.4470237
2640.391 pos 0.2090708 0.4763442
2640.49 pos 0.09451862 0.4769292
2640.59 pos 0.1091409 0.4720599
2640.689 pos 0.2044458 0.4421954
2640.788 pos 0.2802008 0.389362
2640.888 pos 0.3643271 0.3856473
2640.987 pos 0.4910851 0.4513422
2641.087 pos 0.6492669 0.5003189
2641.186 pos 0.7350791 0.527922
2641.286 pos 0.7497904 0.540098
2641.385 pos 0.7502165 0.5057448
2641.485 pos 0.7532514 0.4076711
2641.584 pos 0.7674947 0.3575976
2641.683 pos 0.7755396 0.3819832
2641.783 pos 0.7319043 0.4704535
2641.882 pos 0.6837111 0.5389617
2641.982 pos 0.6631461 0.5741917
2642.081 pos 0.6559981 0.6107785
2642.148 gestureEnd menu
2643.639 gestureStart
2643.639 pos -0.3858595 0.4254519
2643.705 delete
2643.705 delete
2643.705 delete
2644.799 gestureStart
2644.799 pos 0.2488339 0.5970899
2644.898 pos 0.2477067 0.5470862
2644.998 pos 0.2380418 0.4394481
2645.097 pos 0.2525223 0.3541883
2645.196 pos 0.3184102 0.3626817
2645.345 pos 0.3818886 0.4432428
2645.445 pos 0.3147745 0.5382681
2645.544 pos 0.2618267 0.6107974
2645.644 pos 0.2604632 0.6210144
2645.743 pos 0.2745119 0.5633604
2645.843 pos 0.2772221 0.4983863
2645.942 pos 0.2675762 0.4701249
2646.042 pos 0.2667926 0.4776364
2646.075 gestureEnd exceed
2646.853 gestureStart
2646.853 pos 0.4163933 0.596588
2646.953 pos 0.4581859 0.5738043
2647.052 pos 0.5225331 0.5258729
2647.152 pos 0.5839599 0.4950224
2647.251 pos 0.5996671 0.4901197
2647.35 pos 0.5221685 0.5010609
2647.45 pos 0.3915741 0.5315565
2647.549 pos 0.3001626 0.5588977
2647.649 pos 0.2969327 0.572439
2647.732 gestureEnd the
2648.626 gestureStart
2648.626 pos 0.7040002 0.4081856
2648.726 pos 0.7416303 0.3952717
2648.825 pos 0.7527226 0.3912982
2648.925 pos 0.6368967 0.408496
2649.024 pos 0.3859602 0.4319704
2649.124 pos 0.1399676 0.45819
2649.223 pos 0.03641753 0.4710553
2649.322 pos 0.105859 0.4720576
2649.422 pos 0.2243341 0.4536206
2649.521 pos 0.2685784 0.4244411
2649.62 pos 0.3055377 0.4237071
2649.72 pos 0.412318 0.4561797
2649.819 pos 0.5933284 0.5155841
2649.919 pos 0.7166317 0.5609711
2650.018 pos 0.7481245 0.5716888
2650.118 pos 0.7413116 0.5517969
2650.217 pos 0.7466535 0.4606985
2650.316 pos 0.7858183 0.3728745
2650.416 pos 0.8301021 0.3843958
2650.515 pos 0.8041013 0.4495141
2650.615 pos 0.7338789 0.5280181
2650.714 pos 0.6987309 0.5771152
2650.813 pos 0.6947384 0.5951488
2650.963 pos 0.7002017 0.5126523
2651.062 pos 0.7037475 0.4113823
2651.161 pos 0.7084662 0.3911394
2651.261 pos 0.7137136 0.3980234
2651.327 gestureEnd maximum
2652.089 gestureStart
2652.089 pos 0.1960406 0.4965115
2652.189 pos 0.2951669 0.5119788
2652.289 pos 0.4705619 0.5331225
2652.387 pos 0.6785065 0.5722037
2652.487 pos 0.8631231 0.6020348
2652.586 pos 0.9550391 0.6170681
2652.686 pos 0.9385419 0.6113366
2652.785 pos 0.7249192 0.6005721
2652.885 pos 0.4602752 0.5976033
2652.984 pos 0.2504041 0.5934932
2653.083 pos 0.1579444 0.5905651
2653.183 pos 0.170385 0.5613571
2653.283 pos 0.2263752 0.5336966
2653.382 pos 0.2488063 0.5289773
2653.481 pos 0.274402 0.5144496
2653.564 gestureEnd speeds
2654.559 gestureStart
2654.559 pos 0.9357526 0.4795241
2654.658 pos 0.9233748 0.505745
2654.757 pos 0.8821741 0.5762589
2654.857 pos 0.8312416 0.6197956
2654.956 pos 0.8102014 0.5731772
2655.056 pos 0.7827072 0.4994942
2655.155 pos 0.7792304 0.4533309
2655.255 pos 0.7671794 0.432831
2655.354 pos 0.7462211 0.4684902
2655.453 pos 0.7321069 0.5378118
2655.553 pos 0.7175068 0.5839145
2655.652 pos 0.7099676 0.6020095
2655.752 pos 0.6808915 0.6070648
2655.851 pos 0.5837919 0.6022821
2655.951 pos 0.4696309 0.5914224
2656.05 pos 0.3856 0.5838184
2656.15 gestureEnd limit
2657.591 gestureStart
2657.591 pos -0.2640587 0.3443806
2657.691 pos -0.2692885 0.3473939
2659.132 phrase obligations must be met first
2661.85 gestureStart
2661.85 pos 0.8361505 0.6063488
2661.949 pos 0.8277488 0.592083
2662.048 pos 0.7710205 0.5527855
2662.198 pos 0.5165119 0.4630937
2662.297 pos 0.4820004 0.4179028
2662.396 pos 0.5534238 0.4163695
2662.496 pos 0.6810229 0.5057124
2662.595 pos 0.8527716 0.6062983
2662.695 pos 0.9304112 0.608607
2662.794 pos 0.8514766 0.6050304
2662.893 pos 0.745757 0.6339034
2662.993 pos 0.6514958 0.641664
2663.092 pos 0.554216 0.6050361
2663.191 pos 0.4732155 0.5574518
2663.291 pos 0.433437 0.5208088
2663.391 pos 0.4292818 0.5220538
2663.49 pos 0.4350523 0.5219097
2663.589 pos 0.3765607 0.5304713
2663.689 pos 0.2181542 0.5368921
2663.788 pos 0.01890097 0.5560507
2663.888 pos -0.008372307 0.5633662
2663.987 pos 0.1806738 0.571656
2664.086 pos 0.4335415 0.5818781
2664.186 pos 0.6464049 0.5887181
2664.285 pos 0.7893206 0.5699725
2664.385 pos 0.8445376 0.5404109
2664.484 pos 0.7725334 0.5174881
2664.583 pos 0.6554098 0.4845398
2664.683 pos 0.576088 0.4406453
2664.782 pos 0.497293 0.4168146
2664.882 pos 0.4036534 0.4331807
2664.981 pos 0.2721591 0.4595151
2665.081 pos 0.1635744 0.4922996
2665.164 gestureEnd obligations
2666.39 gestureStart
2666.39 pos 0.7868697 0.401188
2666.489 pos 0.765991 0.4541817
2666.589 pos 0.6823642 0.5153539
2666.688 pos 0.597016 0.5516484
2666.787 pos 0.5728852 0.5365456
2666.887 pos 0.507697 0.4784329
2666.986 pos 0.3821408 0.4453163
2667.086 pos 0.2489196 0.4448949
2667.185 pos 0.2156863 0.4533056
2667.285 pos 0.2629614 0.4831377
2667.384 pos 0.3585419 0.5288401
2667.483 pos 0.4278439 0.5821288
2667.583 pos 0.412003 0.6112594
2667.616 gestureEnd must
2668.329 gestureStart
2668.329 pos 0.5229925 0.3890814
2668.428 pos 0.4463075 0.4584834
2668.528 pos 0.3559549 0.5248115
2668.627 pos 0.2595244 0.5762577
2668.726 gestureEnd be
2669.87 gestureStart
2669.87 pos 0.7346416 0.3543202
2669.969 pos 0.7182465 0.3630086
2670.069 pos 0.6009871 0.4296459
2670.168 pos 0.4342297 0.5100291
2670.267 pos 0.2582158 0.5622146
2670.367 pos 0.1968642 0.5875145
2670.466 pos 0.2876086 0.592202
2670.566 pos 0.4136624 0.5809647
2670.649 gestureEnd meet
2672.074 gestureStart
2672.074 pos 0.4942078 0.6693466
2672.14 select met
2672.588 gestureStart
2672.588 pos 0.4101878 0.4742435
2672.687 pos 0.4542168 0.4664082
2672.786 pos 0.545337 0.5075707
2672.886 pos 0.702415 0.5647995
2672.985 pos 0.7683287 0.5978805
2673.085 pos 0.6630503 0.6050325
2673.184 pos 0.5047123 0.6065661
2673.333 pos 0.3150821 0.6050208
2673.433 pos 0.2699038 0.5833837
2673.532 pos 0.2165695 0.5514398
2673.632 pos 0.1710205 0.5118228
2673.731 pos 0.1974233 0.488724
2673.831 pos 0.3014106 0.4995293
2673.93 pos 0.416394 0.5628577
2674.029 pos 0.4713971 0.6017885
2674.129 gestureEnd first
2675.123 gestureStart
2675.123 pos -0.2845557 0.3794372
2675.222 pos -0.3008259 0.3567137
