21.0012 session normal_0.6_1
21.0012 phrase sign the withdrawal slip
26.8612 gestureStart
26.8612 pos 0.2245214 0.5079323
26.9608 pos 0.3083717 0.5250331
27.0605 pos 0.5067335 0.5678148
27.16011 pos 0.6773695 0.6053125
27.30943 pos 0.7315605 0.6056462
27.40911 pos 0.6733404 0.5705539
27.50872 pos 0.5647333 0.5253354
27.60839 pos 0.5163064 0.5154012
27.70789 pos 0.5198944 0.513548
27.80751 pos 0.5329496 0.5088282
27.90709 pos 0.5910247 0.4760712
28.00694 pos 0.6431649 0.4448213
28.10667 pos 0.6797409 0.4363969
28.20619 pos 0.6831177 0.4357364
28.3058 pos 0.6646286 0.4415748
28.32243 gestureEnd sign
29.16919 gestureStart
29.16919 pos 0.4981071 0.5734745
29.26885 pos 0.5439599 0.5265192
29.36845 pos 0.61095 0.5057035
29.46814 pos 0.6105145 0.5105606
29.56773 pos 0.519129 0.5337999
29.66724 pos 0.3845483 0.5634971
29.76692 pos 0.3135439 0.5782561
29.86654 pos 0.3004169 0.5841074
29.96615 pos 0.2894146 0.5913869
30.04927 gestureEnd the
31.06198 gestureStart
31.06198 pos 0.1642437 0.596332
31.16157 pos 0.217245 0.5942494
31.26132 pos 0.335117 0.5853955
31.36098 pos 0.5163306 0.5870427
31.46056 pos 0.6639014 0.5903224
31.56019 pos 0.7704104 0.6042762
31.65979 pos 0.7843994 0.6103938
31.75938 pos 0.6742048 0.6010473
31.85891 pos 0.5493861 0.5984067
31.95861 pos 0.4618097 0.6006141
32.05817 pos 0.4133186 0.5851429
32.15789 pos 0.4536744 0.5666475
32.25756 pos 0.5492676 0.5449402
32.35745 pos 0.5760584 0.523893
32.45721 pos 0.5535843 0.5129035
32.55644 pos 0.5414222 0.5132096
32.65616 pos 0.4772891 0.516866
32.75575 pos 0.3549106 0.5170259
32.85543 pos 0.2964192 0.5216175
33.00504 pos 0.2754435 0.5319681
33.10435 pos 0.319384 0.5609787
33.20396 pos 0.3718498 0.5792219
33.30361 pos 0.3603768 0.5816101
33.40319 pos 0.2996811 0.5710758
33.50309 pos 0.1619256 0.5343653
33.60225 pos 0.04141121 0.5087141
33.70192 pos 0.03038044 0.5094077
33.80149 pos 0.06304546 0.5130145
33.90114 pos 0.08693619 0.5733284
34.00093 pos 0.08919878 0.6222899
34.1003 pos 0.09273596 0.6233885
34.1999 pos 0.1032219 0.6114388
34.29945 pos 0.08548398 0.5508864
34.3991 pos 0.0719821 0.4836564
34.49884 pos 0.1430017 0.4644323
34.5983 pos 0.3298097 0.4736142
34.69797 pos 0.5906901 0.4980125
34.79753 pos 0.7812003 0.527419
34.89727 pos 0.893692 0.529893
34.99701 pos 0.9488233 0.5317483
35.0965 pos 0.9448279 0.539602
35.14627 gestureEnd withdrawal
36.20877 gestureStart
36.20877 pos 0.2057124 0.5126576
36.30835 pos 0.3187767 0.5076772
36.40799 pos 0.4805921 0.514087
36.5076 pos 0.5680808 0.5295749
36.60728 pos 0.6049581 0.5359542
36.70697 pos 0.628189 0.5446302
36.80661 pos 0.6981204 0.5761323
36.90621 pos 0.8009439 0.6091423
37.00574 pos 0.8631536 0.6164424
37.10546 pos 0.8951862 0.6141874
37.20501 pos 0.9376867 0.6156244
37.30462 pos 0.9484342 0.6183107
37.33803 gestureEnd ship
38.7324 gestureStart
38.7324 pos -0.1791675 0.3410302
40.3925 phrase parking tickets can be challenged
41.77016 gestureStart
41.77016 pos 0.9063202 0.5825902
41.8698 pos 0.8647523 0.5730966
41.96935 pos 0.7264231 0.5252449
42.06886 pos 0.4538964 0.4715694
42.16858 pos 0.2276901 0.4595253
42.26828 pos 0.04820843 0.4691216
42.36784 pos -0.006010151 0.4938831
42.46752 pos 0.09413905 0.5088148
42.56712 pos 0.2236811 0.5296478
42.66672 pos 0.3325781 0.5482832
42.76631 pos 0.3993076 0.5661283
42.86589 pos 0.4526037 0.5647718
42.96549 pos 0.5782319 0.5514659
43.06509 pos 0.719231 0.5385503
43.16461 pos 0.7993144 0.5192543
43.26449 pos 0.8038097 0.5158301
43.36391 pos 0.7722077 0.563736
43.46337 pos 0.7628561 0.6063254
43.5631 pos 0.7705255 0.5648705
43.66256 pos 0.736383 0.4785553
43.76233 pos 0.6362211 0.4315139
43.86171 pos 0.5803933 0.4246904
43.96122 pos 0.571878 0.4377325
44.06084 pos 0.5214568 0.4736243
44.21026 pos 0.4627971 0.482006
44.27669 gestureEnd laying
45.52153 gestureStart
45.52153 pos 0.3053544 0.7063127
45.58796 select parking
46.3017 gestureStart
46.3017 pos 0.4618418 0.5789138
46.40129 pos 0.469005 0.5806983
46.5009 pos 0.5686795 0.5989885
46.60041 pos 0.7215392 0.6090928
46.70014 pos 0.7349815 0.607155
46.79977 pos 0.6614303 0.5796847
46.89931 pos 0.552279 0.5536587
46.99886 pos 0.4266811 0.514358
47.09848 pos 0.3750816 0.4729655
47.19811 pos 0.3516165 0.4298111
47.2977 pos 0.3487568 0.4203955
47.39741 pos 0.4009047 0.4187072
47.49688 pos 0.5389046 0.447777
47.59643 pos 0.6786888 0.4696513
47.69608 pos 0.7446468 0.4905187
47.79559 pos 0.7491035 0.5021069
47.89527 pos 0.7451554 0.5127175
47.99487 pos 0.7358608 0.5209702
48.09447 pos 0.6755317 0.5490841
48.19408 pos 0.5397913 0.5763494
48.29369 pos 0.3952546 0.5903388
48.3933 pos 0.2935689 0.6004166
48.49292 pos 0.2473411 0.610376
48.59251 pos 0.3059056 0.6126366
48.69215 pos 0.4198366 0.6090159
48.7917 pos 0.4800202 0.5958017
48.89125 pos 0.4356547 0.5632497
48.99096 pos 0.352865 0.5180305
49.09056 pos 0.2724013 0.4997491
49.19019 pos 0.2301718 0.4961112
49.28988 pos 0.2190852 0.4901313
49.35626 gestureEnd tickets
50.26938 gestureStart
50.26938 pos 0.3742436 0.4145541
50.3689 pos 0.3226861 0.4244699
50.46846 pos 0.1881202 0.4491679
50.56803 pos 0.09384823 0.4854911
50.66758 pos 0.09443617 0.4899677
50.7673 pos 0.231644 0.4725085
50.86688 pos 0.410234 0.4433275
50.96643 pos 0.556733 0.4323573
51.06601 pos 0.6621991 0.4314524
51.16563 pos 0.6788135 0.4311743
51.23213 gestureEnd can
52.09525 gestureStart
52.09525 pos 0.4873404 0.4075047
52.19493 pos 0.4886501 0.4083093
52.29448 pos 0.4911201 0.4137743
52.39429 pos 0.4386734 0.4781603
52.49371 pos 0.3205333 0.5256774
52.59327 pos 0.2536906 0.5605472
52.69281 pos 0.2374074 0.5715369
52.75922 gestureEnd be
54.15364 gestureStart
54.15364 pos 0.3116146 0.4051161
54.2533 pos 0.3300958 0.4066325
54.35292 pos 0.3656818 0.4169329
54.45252 pos 0.4493198 0.4509192
54.55225 pos 0.5601758 0.4821302
54.65174 pos 0.6166422 0.4995526
54.7513 pos 0.6164545 0.5011183
54.85099 pos 0.5728367 0.5038755
54.95061 pos 0.4281845 0.4956572
55.05017 pos 0.2733407 0.5101716
55.14975 pos 0.1494651 0.515249
55.24935 pos 0.1178021 0.5140301
55.34905 pos 0.1526397 0.508264
55.4486 pos 0.2747292 0.4910699
55.59806 pos 0.5924946 0.481399
55.69769 pos 0.8054687 0.5046268
55.79725 pos 0.9172605 0.5189384
55.89678 pos 0.949859 0.5232932
55.99648 pos 0.9067048 0.5187708
56.09608 pos 0.7490052 0.5369399
56.19569 pos 0.5535476 0.5646927
56.29537 pos 0.3708062 0.5862224
56.39487 pos 0.255483 0.5923671
56.49449 pos 0.2547057 0.5840713
56.5941 pos 0.3467197 0.5537575
56.69371 pos 0.49498 0.4926432
56.7934 pos 0.641849 0.4389642
56.89292 pos 0.7260209 0.4037451
56.99243 pos 0.7329997 0.3989927
57.09209 pos 0.6990412 0.4096697
57.19176 pos 0.6435474 0.4321634
57.29122 pos 0.5597091 0.4647604
57.3908 pos 0.4949061 0.4966275
57.4904 pos 0.477076 0.5126885
57.58994 pos 0.4712165 0.5189883
57.68962 pos 0.4281594 0.5382063
57.78925 pos 0.3425756 0.5672587
57.90545 pos 0.2643245 0.5875092
58.00507 pos 0.2544671 0.5872547
58.10465 pos 0.2576421 0.5682382
58.20433 pos 0.2624391 0.5330583
58.30392 pos 0.2689431 0.5123171
58.4035 pos 0.2761854 0.5046123
58.48647 gestureEnd challenged
61.3084 gestureStart
61.3084 pos -0.3003746 0.3494529
62.52012 phrase the union will go on strike
63.76501 gestureStart
63.76501 pos 0.4609528 0.582454
63.86466 pos 0.4798181 0.5653121
63.98086 pos 0.5446543 0.5161852
64.08067 pos 0.5649472 0.4940537
64.18021 pos 0.5634033 0.4887353
64.27977 pos 0.5406337 0.4988344
64.37923 pos 0.4364825 0.524189
64.47898 pos 0.3387423 0.5457541
64.57859 pos 0.2774367 0.567444
64.67825 pos 0.2365272 0.593511
64.77782 pos 0.21439 0.6160201
64.87746 pos 0.2135901 0.6247357
64.89419 gestureEnd threw
67.55035 gestureStart
67.55035 pos 0.1425699 0.6862138
67.63327 select the
68.59615 gestureStart
68.59615 pos 0.6480857 0.6082354
68.69572 pos 0.6462432 0.5939604
68.79538 pos 0.6445115 0.5293571
68.89499 pos 0.6881487 0.4502081
68.99456 pos 0.7097622 0.432954
69.09431 pos 0.7144561 0.4439305
69.19403 pos 0.7379509 0.5313504
69.29348 pos 0.7703322 0.5743402
69.39314 pos 0.7887782 0.5760534
69.49287 pos 0.8464717 0.5538198
69.59246 pos 0.8796545 0.5165883
69.69202 pos 0.8142051 0.4754891
69.79165 pos 0.7535484 0.4373713
69.89124 pos 0.7356853 0.4153112
69.9909 pos 0.7188516 0.4018404
70.09044 pos 0.6990721 0.399398
70.14014 gestureEnd union
71.25232 gestureStart
71.25232 pos 0.1574206 0.5981955
71.35178 pos 0.2255435 0.5932591
71.45139 pos 0.3639741 0.5799023
71.55102 pos 0.5432433 0.5673715
71.65061 pos 0.6805654 0.5704465
71.75037 pos 0.7462966 0.5749068
71.84991 pos 0.7545738 0.5748682
71.94944 pos 0.7532104 0.5699393
72.04909 pos 0.7755657 0.5488248
72.14857 pos 0.8445401 0.5193685
72.2482 pos 0.8874339 0.4953538
72.34783 pos 0.8843557 0.4952544
72.41425 gestureEnd well
74.32294 gestureStart
74.32294 pos 0.5159725 0.6878929
74.37286 select will
75.07008 gestureStart
75.07008 pos 0.4990671 0.4865714
75.16967 pos 0.518728 0.500408
75.26917 pos 0.5952599 0.5457819
75.36887 pos 0.7323381 0.561083
75.46851 pos 0.8375521 0.5724269
75.56818 pos 0.8769792 0.5839111
75.66783 pos 0.8635714 0.5936111
75.68436 gestureEnd go
76.69682 gestureStart
76.69682 pos 0.8074942 0.5676404
76.79653 pos 0.7278982 0.4901258
76.89616 pos 0.6980042 0.4305525
76.99566 pos 0.6998643 0.404082
77.09527 pos 0.6908359 0.3909913
77.16183 gestureEnd on
78.50619 gestureStart
78.50619 pos 0.2425591 0.5209417
78.60584 pos 0.2794623 0.5342054
78.70549 pos 0.3687702 0.5710976
78.80526 pos 0.4549837 0.5883573
78.90474 pos 0.4562041 0.5904411
79.00436 pos 0.3980359 0.5945386
79.10403 pos 0.3295119 0.6047832
79.20356 pos 0.3534622 0.6060125
79.30318 pos 0.4290057 0.6037948
79.40274 pos 0.5485187 0.6070561
79.50235 pos 0.6881402 0.6072257
79.60192 pos 0.7676349 0.6095402
79.70159 pos 0.773801 0.6051593
79.80116 pos 0.774906 0.5845879
79.90094 pos 0.7894813 0.5319506
80.00053 pos 0.803798 0.4922048
80.10016 pos 0.7863932 0.4876604
80.19977 pos 0.6850187 0.5074258
80.29936 pos 0.5155461 0.5262557
80.399 pos 0.4033096 0.5419804
80.49865 pos 0.3457743 0.57099
80.59824 pos 0.3053782 0.5989125
80.69774 pos 0.2646191 0.6135554
80.76421 gestureEnd strike
82.02586 gestureStart
82.02586 pos -0.2403653 0.378876
83.18793 phrase rapidly running short on words
84.43293 gestureStart
84.43293 pos 0.3709865 0.6180933
84.53249 pos 0.3652245 0.6183183
84.63225 pos 0.3402755 0.6160549
84.73174 pos 0.2889461 0.6034039
84.83121 pos 0.1735884 0.5628517
84.93094 pos 0.05803056 0.5177497
85.03052 pos 0.03556023 0.5023882
85.13012 pos 0.1166518 0.510361
85.22969 pos 0.3189122 0.5268028
85.32925 pos 0.5665646 0.5399097
85.42886 pos 0.7684767 0.5503701
85.52843 pos 0.8888367 0.5768174
85.62806 pos 0.9580451 0.5929617
85.72772 pos 0.9636819 0.5927981
85.82758 pos 0.8838739 0.5782957
85.92693 pos 0.8054453 0.5855303
86.02652 pos 0.7720947 0.5906298
86.12621 pos 0.7072316 0.5684679
86.22584 pos 0.5882716 0.5291624
86.32562 pos 0.4476672 0.4850754
86.425 pos 0.3167933 0.4625938
86.52451 pos 0.2559271 0.45926
86.62416 pos 0.3141164 0.4666792
86.72375 pos 0.4573942 0.4724784
86.82359 pos 0.6213858 0.4801833
86.92299 pos 0.7466317 0.4902745
87.02261 pos 0.8372129 0.4994237
87.12227 pos 0.8983038 0.510043
87.22189 pos 0.8995646 0.5142297
87.3216 pos 0.8026068 0.5283506
87.42104 pos 0.6955078 0.5649896
87.52065 pos 0.5904748 0.5817418
87.62022 pos 0.5195467 0.5884746
87.7198 pos 0.519988 0.5925796
87.76971 gestureEnd rapidly
89.08094 gestureStart
89.08094 pos 0.3837062 0.5912681
89.1806 pos 0.4905952 0.5929316
89.28024 pos 0.617183 0.5969526
89.37983 pos 0.6851896 0.5858093
89.47937 pos 0.714057 0.5483716
89.57903 pos 0.7183615 0.461971
89.6786 pos 0.7268733 0.3913425
89.82802 pos 0.7325338 0.4363121
89.9276 pos 0.7238687 0.5398787
90.02708 pos 0.7162402 0.5950243
90.12666 pos 0.7220253 0.5712638
90.22637 pos 0.7185057 0.4845541
90.32596 pos 0.6769404 0.4204526
90.42556 pos 0.6165727 0.3902412
90.52517 pos 0.5788111 0.4185135
90.6247 pos 0.5077089 0.4646523
90.72439 pos 0.4517194 0.4882093
90.82397 pos 0.4329435 0.5004407
90.84074 gestureEnd tuning
93.06458 gestureStart
93.06458 pos 0.3042149 0.6834622
93.14757 select running
93.82809 gestureStart
93.82809 pos 0.2184201 0.4860408
93.92773 pos 0.2610939 0.4796501
94.0272 pos 0.4199862 0.4898006
94.12675 pos 0.573197 0.5023834
94.22633 pos 0.6400747 0.5065601
94.32602 pos 0.7179157 0.5312757
94.4255 pos 0.8257351 0.6003463
94.52513 pos 0.9019889 0.6449206
94.62471 pos 0.8364209 0.633561
94.72429 pos 0.6723228 0.6057642
94.82388 pos 0.5381048 0.5996824
94.92348 pos 0.4829994 0.6046395
95.02306 pos 0.4199321 0.6026968
95.12275 pos 0.3375897 0.5983499
95.22233 pos 0.3253142 0.5955977
95.32179 pos 0.3624568 0.5966441
95.42147 pos 0.424574 0.6008618
95.52099 pos 0.4385319 0.6012515
95.62065 gestureEnd short
96.58331 gestureStart
96.58331 pos 0.903047 0.612954
96.68282 pos 0.8541801 0.5881131
96.78245 pos 0.7742987 0.548093
96.88188 pos 0.7059151 0.4781295
96.98155 pos 0.6721516 0.4285874
97.08132 pos 0.6656781 0.4137167
97.18085 pos 0.6577298 0.4134638
97.1975 gestureEnd pin
98.62492 gestureStart
98.62492 pos 0.6779088 0.703714
98.6746 select on
99.4382 gestureStart
99.4382 pos 0.1819305 0.5829484
99.5378 pos 0.2903672 0.5820277
99.63737 pos 0.503609 0.5765384
99.7371 pos 0.7064173 0.5856788
99.83651 pos 0.834951 0.5997964
99.93633 pos 0.8657321 0.6066083
100.036 pos 0.7620251 0.5928615
100.1355 pos 0.5541674 0.5730777
100.2351 pos 0.3944002 0.5846141
100.3348 pos 0.3372485 0.5935777
100.4343 pos 0.3308384 0.575915
100.534 pos 0.3281289 0.5321912
100.6335 pos 0.3226025 0.5138786
100.7331 pos 0.3123819 0.5097486
100.8328 pos 0.2782254 0.5116881
100.9323 pos 0.2269771 0.4913288
101.032 pos 0.2060113 0.4885838
101.0817 gestureEnd words
102.2605 gestureStart
102.2605 pos -0.1913473 0.3548438
103.5219 phrase the minimum amount of time
105.9451 gestureStart
105.9451 pos 0.4172482 0.5939857
106.0446 pos 0.4195572 0.5853453
106.1443 pos 0.4947494 0.5601038
106.244 pos 0.5788804 0.5178699
106.3435 pos 0.5806019 0.480448
106.4431 pos 0.5539488 0.4832197
106.5427 pos 0.4762221 0.5045431
106.6423 pos 0.3595834 0.5370345
106.7419 pos 0.2893845 0.5604784
106.8914 pos 0.2525537 0.5796385
106.9744 gestureEnd the
108.0864 gestureStart
108.0864 pos 0.7383546 0.4348259
108.1861 pos 0.7341003 0.4898072
108.2856 pos 0.763392 0.5754231
108.3852 pos 0.7692113 0.6058472
108.4848 pos 0.7264662 0.5868186
108.5844 pos 0.6847272 0.5231161
108.6841 pos 0.6424347 0.448864
108.7837 pos 0.6182435 0.4051595
108.8832 pos 0.6079674 0.4010994
108.9829 pos 0.601167 0.4044265
109.0824 pos 0.5958989 0.4222631
109.1819 pos 0.5946772 0.4384488
109.2815 pos 0.5992939 0.444009
109.3812 pos 0.6326989 0.4661649
109.4808 pos 0.7352366 0.5358077
109.5802 pos 0.7937573 0.5959687
109.6799 pos 0.8292251 0.6250938
109.7795 pos 0.8398964 0.6118241
109.879 pos 0.816355 0.5386305
109.9786 pos 0.7569542 0.436198
110.0781 pos 0.7227559 0.4140055
110.1778 pos 0.715964 0.5176105
110.2774 pos 0.6863323 0.6343611
110.3768 pos 0.6803719 0.6250541
110.4764 pos 0.6943893 0.5334156
110.5761 pos 0.7263956 0.4594387
110.6757 pos 0.7242567 0.4349951
110.7753 pos 0.7093554 0.4041218
110.8085 gestureEnd minimum
111.8375 gestureStart
111.8375 pos 0.1428445 0.4851318
111.9372 pos 0.3186082 0.4378611
112.0365 pos 0.4960543 0.3968073
112.1361 pos 0.6437531 0.3756316
112.2357 pos 0.7492418 0.383613
112.3353 pos 0.7885262 0.3980117
112.4349 pos 0.8225762 0.447805
112.5843 pos 0.9263421 0.5454387
112.6839 pos 0.9057769 0.6037309
112.7835 pos 0.8130335 0.6110887
112.8831 pos 0.7216185 0.6013243
112.9828 pos 0.6032963 0.5775539
113.0823 pos 0.5078583 0.5765033
113.1818 pos 0.4729134 0.5843037
113.2814 pos 0.4689145 0.5885242
113.3313 gestureEnd slot
117.8123 gestureStart
117.8123 pos 0.4307801 0.5940742
117.9118 pos 0.4297306 0.5956373
118.0116 pos 0.4678605 0.5790214
118.1111 pos 0.5741627 0.5235223
118.2106 pos 0.6314707 0.5004585
118.3103 pos 0.5664217 0.5119943
118.4099 pos 0.3957989 0.544308
118.5095 pos 0.2670544 0.5664597
118.6091 pos 0.22283 0.5684431
118.7087 pos 0.2210439 0.57375
118.7253 gestureEnd the
119.8702 gestureStart
119.8702 pos 0.7608552 0.4370239
119.9699 pos 0.761803 0.502093
120.0696 pos 0.7733597 0.615473
120.1692 pos 0.7445398 0.6456414
120.2687 pos 0.6953264 0.6215829
120.3683 pos 0.6644656 0.5588781
120.4679 pos 0.6654193 0.4669733
120.5674 pos 0.6750258 0.4398307
120.667 pos 0.6761149 0.4307526
120.7666 pos 0.6753308 0.4285444
120.8663 pos 0.6649642 0.4517848
120.9659 pos 0.6675726 0.5367469
121.0657 pos 0.7004853 0.6038744
121.1649 pos 0.7232971 0.6314965
121.2647 pos 0.7267302 0.6270289
121.3642 pos 0.7290323 0.6223615
121.4639 pos 0.7360848 0.6075279
121.5637 pos 0.7421775 0.5824707
121.663 pos 0.7412062 0.5026787
121.7626 pos 0.7217761 0.4286908
121.8621 pos 0.7068503 0.4257762
121.9618 pos 0.696021 0.5329467
122.0615 pos 0.6918514 0.6194513
122.161 pos 0.6881874 0.6253982
122.2607 pos 0.6955001 0.5558448
122.3603 pos 0.7218596 0.4699245
122.4599 pos 0.7338221 0.4192086
122.5597 pos 0.7271954 0.4077421
122.6424 gestureEnd minimum
123.655 gestureStart
123.655 pos 0.126868 0.5140836
123.7545 pos 0.1493497 0.5148933
123.8541 pos 0.209761 0.5015702
123.9536 pos 0.4191298 0.4550122
124.0531 pos 0.641683 0.420301
124.1527 pos 0.7739234 0.4036327
124.2523 pos 0.8130672 0.4219978
124.3518 pos 0.8076583 0.4669748
124.4514 pos 0.8253725 0.5279556
124.551 pos 0.8695735 0.5706041
124.6507 pos 0.8594806 0.5825775
124.7503 pos 0.7775433 0.582393
124.8996 pos 0.6093224 0.5767909
124.9992 pos 0.5986103 0.5803775
125.0988 pos 0.6085226 0.5739153
125.1985 pos 0.6193452 0.5623664
125.298 pos 0.6268197 0.5463489
125.3975 pos 0.633797 0.4992827
125.497 pos 0.6179196 0.3978541
125.5966 pos 0.5731161 0.4173324
125.6961 pos 0.5204893 0.5100294
125.7957 pos 0.4608384 0.5591987
125.8953 pos 0.4439346 0.5796506
125.9948 pos 0.4460358 0.5792146
126.0282 gestureEnd amount
127.0736 gestureStart
127.0736 pos 0.8303733 0.5913665
127.1733 pos 0.7087504 0.5578346
127.2729 pos 0.5137475 0.5236383
127.3724 pos 0.389718 0.5105122
127.4721 pos 0.3858879 0.5083539
127.5385 gestureEnd of
128.9989 gestureStart
128.9989 pos 0.4638153 0.5907238
129.0984 pos 0.5022137 0.580314
129.198 pos 0.6109995 0.5828613
129.2975 pos 0.7041606 0.5878036
129.3972 pos 0.7302015 0.5753774
129.4967 pos 0.7414368 0.5177934
129.5963 pos 0.7322932 0.4531599
129.6959 pos 0.6973561 0.4254842
129.7955 pos 0.6577385 0.4488393
129.8951 pos 0.5249092 0.4959832
129.9946 pos 0.3851272 0.532833
130.0941 pos 0.323266 0.5471671
130.1938 pos 0.3091975 0.5601254
130.2933 pos 0.2942508 0.5767911
130.3929 pos 0.2792858 0.5879413
130.4593 gestureEnd time
131.5215 gestureStart
131.5215 pos -0.2257386 0.3404795
132.501 phrase yes you are very smart
135.1068 gestureStart
135.1068 pos 0.5451673 0.611799
135.2063 pos 0.5405098 0.6099132
135.306 pos 0.4707351 0.6055271
135.4554 pos 0.3419336 0.60001
135.5549 pos 0.2459759 0.5852631
135.6545 pos 0.2187904 0.564946
135.7541 pos 0.1959252 0.5278711
135.8538 pos 0.1983945 0.5126125
135.9533 gestureEnd yes
136.7168 gestureStart
136.7168 pos 0.5565699 0.5926769
136.8163 pos 0.5503101 0.5962774
136.916 pos 0.6505078 0.5997458
137.0156 pos 0.8082333 0.6007936
137.1151 pos 0.8466901 0.5953782
137.2148 pos 0.767999 0.5863979
137.3144 pos 0.6682904 0.5850695
137.414 pos 0.6321676 0.5868358
137.4803 gestureEnd you
138.277 gestureStart
138.277 pos 0.09568433 0.4961667
138.3765 pos 0.1821472 0.5334775
138.4762 pos 0.288756 0.593805
138.5758 pos 0.3274781 0.6006439
138.6753 pos 0.3359481 0.592784
138.775 pos 0.2948872 0.5769901
138.8745 pos 0.2475919 0.5793537
138.9741 pos 0.2480086 0.5798451
139.0076 gestureEnd are
140.7668 gestureStart
140.7668 pos 0.433858 0.4223345
140.8663 pos 0.3983639 0.4859551
140.966 pos 0.3206764 0.5445616
141.0655 pos 0.2740256 0.5763159
141.1651 pos 0.2934548 0.5813797
141.2649 pos 0.3600251 0.5834192
141.3643 pos 0.4454293 0.5836722
141.464 pos 0.4917382 0.5878826
141.5305 gestureEnd very
142.9412 gestureStart
142.9412 pos 0.2710322 0.4652513
143.0409 pos 0.3473111 0.4493978
143.1405 pos 0.4786951 0.4312984
143.24 pos 0.6052151 0.4152533
143.3397 pos 0.6573572 0.4082344
143.4393 pos 0.6791329 0.4008417
143.5389 pos 0.707735 0.3965284
143.6384 pos 0.7258537 0.3941556
143.738 pos 0.695698 0.4002308
143.8376 pos 0.5647144 0.4147881
143.9374 pos 0.3556904 0.4358699
144.0368 pos 0.2088536 0.460297
144.1364 pos 0.1432298 0.4909494
144.2362 pos 0.1547772 0.516808
144.3356 pos 0.2256488 0.5389727
144.4352 pos 0.3183207 0.5545841
144.5348 pos 0.387734 0.5698304
144.6343 pos 0.4362144 0.5831404
144.7343 pos 0.4451068 0.5885219
144.8004 gestureEnd smart
146.1449 gestureStart
146.1449 pos -0.1655547 0.3520066
147.2903 phrase are you sure you want this
151.9545 gestureStart
151.9545 pos 0.1313457 0.5225055
152.0542 pos 0.1300946 0.5249043
152.1538 pos 0.1815424 0.5391587
152.2534 pos 0.3251716 0.5799821
152.353 pos 0.3642876 0.6183624
152.4526 pos 0.3074264 0.6213614
152.5522 pos 0.2660337 0.6086589
152.5688 gestureEnd are
153.6311 gestureStart
153.6311 pos 0.5131198 0.603719
153.7309 pos 0.5840702 0.6007302
153.8304 pos 0.7565728 0.6071496
153.9299 pos 0.8335215 0.612248
154.0295 pos 0.7965775 0.6084821
154.1289 pos 0.7136621 0.6062834
154.2286 pos 0.6677053 0.6072638
154.2951 gestureEnd you
155.5565 gestureStart
155.5565 pos 0.2558148 0.5059093
155.6561 pos 0.2594621 0.5149372
155.7557 pos 0.3830844 0.5491569
155.8554 pos 0.5701431 0.5824379
155.9549 pos 0.6541611 0.6005827
156.0544 pos 0.6660162 0.6052718
156.1541 pos 0.6244402 0.6057518
156.2537 pos 0.523915 0.6058794
156.3533 pos 0.4114467 0.618924
156.4529 pos 0.3504188 0.6274154
156.5524 pos 0.3079263 0.6272606
156.6521 pos 0.2588689 0.6208755
156.7516 pos 0.2287094 0.6167284
156.8513 pos 0.2270946 0.6169598
156.868 gestureEnd due
158.1293 gestureStart
158.1293 pos 0.2980514 0.6919317
158.1461 select sure
158.893 gestureStart
158.893 pos 0.5645565 0.6015868
158.9926 pos 0.5715643 0.6035312
159.0921 pos 0.6802714 0.6051496
159.1917 pos 0.8686862 0.6104651
159.2913 pos 0.9157401 0.6122938
159.391 pos 0.8454318 0.6016151
159.4906 pos 0.7340056 0.6000365
159.5901 pos 0.6536083 0.5996934
159.6898 pos 0.6619892 0.6008488
159.7729 gestureEnd you
161.0343 gestureStart
161.0343 pos 0.145033 0.5867131
161.1339 pos 0.1408849 0.5759811
161.2335 pos 0.1106092 0.5290564
161.3331 pos 0.09175201 0.4886178
161.4326 pos 0.1529091 0.4758682
161.5323 pos 0.3266027 0.4511778
161.6319 pos 0.5082019 0.4213602
161.7314 pos 0.6067529 0.3985139
161.831 pos 0.6575233 0.4060212
161.9306 pos 0.6595542 0.4196528
162.0302 pos 0.6143878 0.4665589
162.1298 pos 0.5086753 0.5415211
162.2296 pos 0.4518394 0.5841782
162.3289 pos 0.4520578 0.5925286
162.3955 gestureEnd want
163.2586 gestureStart
163.2586 pos 0.4494644 0.590892
163.3582 pos 0.5093706 0.531185
163.4578 pos 0.5858219 0.5212688
163.5577 pos 0.652587 0.565303
163.6571 pos 0.7531285 0.6086622
163.7566 pos 0.7623523 0.6023786
163.8562 pos 0.6452453 0.5667184
163.9557 pos 0.4358384 0.5412543
164.0554 pos 0.3037906 0.5464836
164.1549 pos 0.2374416 0.530882
164.2545 pos 0.2281524 0.5194965
164.3542 gestureEnd this
165.4 gestureStart
165.4 pos -0.2874037 0.3529623
166.3462 phrase jumping right out of the water
167.8401 gestureStart
167.8401 pos 0.7006595 0.4976681
167.9396 pos 0.6809587 0.5320514
168.0393 pos 0.6812548 0.5873064
168.1389 pos 0.6798893 0.5888385
168.2384 pos 0.6867744 0.5665708
168.3548 pos 0.7260803 0.487272
168.4544 pos 0.7600843 0.4396769
168.5539 pos 0.7704831 0.4331666
168.6535 pos 0.7843993 0.4699962
168.7531 pos 0.8415665 0.5294983
168.8526 pos 0.915372 0.5562903
168.9522 pos 0.9427844 0.5672752
169.0518 pos 0.9313294 0.5761373
169.1516 pos 0.9276511 0.5868971
169.2509 pos 0.9177569 0.6033176
169.3506 pos 0.8680633 0.6160154
169.4501 pos 0.8237265 0.6030596
169.5497 pos 0.807725 0.5798064
169.6495 pos 0.7683038 0.5402582
169.7488 pos 0.7149076 0.4869745
169.8484 pos 0.6754296 0.4464843
169.948 pos 0.6562601 0.4361531
170.0475 pos 0.6120781 0.5114188
170.1474 pos 0.5307025 0.5598574
170.2466 pos 0.4794175 0.5587341
170.3463 pos 0.4792323 0.5468642
170.4458 pos 0.4945942 0.546598
170.5455 pos 0.4990542 0.5597866
170.5621 gestureEnd jumping
172.1557 gestureStart
172.1557 pos 0.3821602 0.6053614
172.2554 pos 0.5075721 0.6079896
172.3549 pos 0.6754486 0.6014109
172.4547 pos 0.7862896 0.5825392
172.5542 pos 0.7850047 0.5738996
172.6538 pos 0.6944817 0.5536828
172.7534 pos 0.5509169 0.5147232
172.853 pos 0.4641933 0.4953308
172.9526 pos 0.4751686 0.4919685
173.0521 pos 0.5686236 0.4968305
173.1517 pos 0.6700472 0.5059948
173.2513 pos 0.6479023 0.5164221
173.3509 pos 0.5761129 0.541409
173.4505 pos 0.5000353 0.5762163
173.55 pos 0.4551804 0.5930076
173.6499 pos 0.4535555 0.5983702
173.6664 gestureEnd tight
174.961 gestureStart
174.961 pos 0.3374307 0.6960124
174.9942 select right
176.0233 gestureStart
176.0233 pos 0.8288002 0.6057055
176.123 pos 0.7664484 0.6083097
176.2225 pos 0.6243941 0.5961948
176.322 pos 0.5483226 0.6042193
176.4217 pos 0.4960048 0.6005488
176.5213 pos 0.450833 0.6024168
176.6208 pos 0.4227811 0.5991204
176.6707 gestureEnd out
178.1642 gestureStart
178.1642 pos 0.8380849 0.61364
178.2637 pos 0.6924263 0.5804698
178.3633 pos 0.5022579 0.5540434
178.4629 pos 0.374836 0.5212268
178.5624 pos 0.3017648 0.5010406
178.6621 pos 0.297 0.5004668
178.7616 pos 0.3183421 0.5068644
178.7782 gestureEnd odd
182.1803 gestureStart
182.1803 pos 0.9441078 0.692529
182.2467 nextPage
183.4747 pos 0.8351759 0.2940332
183.5247 delete
184.6697 gestureStart
184.6697 pos 0.8196713 0.5686402
184.7693 pos 0.7156968 0.5147668
184.8689 pos 0.5869844 0.4678553
184.9684 pos 0.491251 0.4449254
185.0681 pos 0.4432088 0.4453168
185.1678 pos 0.4347117 0.449145
185.2674 pos 0.4260769 0.4531745
185.367 gestureEnd kg
186.645 gestureStart
186.645 pos 0.5174129 0.706334
186.7114 select of
187.3917 gestureStart
187.3917 pos 0.464146 0.5809739
187.4913 pos 0.521547 0.5473987
187.5909 pos 0.5842504 0.4880216
187.6904 pos 0.5439172 0.4826878
187.79 pos 0.4496346 0.5095387
187.8895 pos 0.3548971 0.5448924
187.9891 pos 0.2936938 0.5511075
188.0886 pos 0.246758 0.5517617
188.1883 pos 0.2369368 0.5561624
188.2215 gestureEnd the
189.1676 gestureStart
189.1676 pos 0.1413296 0.587037
189.2669 pos 0.1226765 0.5457888
189.3665 pos 0.1013288 0.4718452
189.4661 pos 0.1078855 0.4623981
189.5658 pos 0.1884241 0.4692343
189.6653 pos 0.3161965 0.5149599
189.765 pos 0.3958033 0.5594252
189.8645 pos 0.391294 0.5782353
189.9641 pos 0.3856353 0.5827063
190.0636 pos 0.2929708 0.5770022
190.1632 pos 0.2270472 0.5827923
190.2628 pos 0.2453488 0.5847528
190.3625 pos 0.2861031 0.5870734
190.4621 pos 0.3100221 0.5869375
190.4786 gestureEnd waste
192.2046 gestureStart
192.2046 pos 0.2958634 0.6920213
192.3042 select water
193.2666 gestureStart
193.2666 pos -0.2120862 0.3929077
193.3662 pos -0.2185277 0.3861832
195.8891 gestureStart
195.8891 pos 0.6797299 0.5119602
195.9887 pos 0.6689211 0.5131893
196.0883 pos 0.6366818 0.5730775
196.1878 pos 0.6139877 0.6094213
196.2876 pos 0.6333374 0.5917826
196.387 pos 0.6811168 0.514703
196.4867 pos 0.747096 0.4402863
196.5864 pos 0.7957927 0.4157799
196.686 pos 0.8306626 0.4455053
196.7856 pos 0.9229499 0.5310842
196.8853 pos 1.017674 0.6272895
196.9847 pos 1.02204 0.6274679
197.0844 pos 0.9402652 0.5864847
197.184 pos 0.8484325 0.5642825
197.2836 pos 0.7669479 0.5489876
197.3831 pos 0.7275749 0.5284343
197.4828 pos 0.7242918 0.5153261
197.5823 pos 0.7059168 0.4538879
197.7318 pos 0.6397868 0.40505
197.8314 pos 0.60323 0.4314843
197.9309 pos 0.5503513 0.4910298
198.0304 pos 0.5031336 0.5015134
198.1137 gestureEnd jumping
199.0594 gestureStart
199.0594 pos 0.3256929 0.5863557
199.159 pos 0.3961824 0.5880474
199.2586 pos 0.5321596 0.5882439
199.3582 pos 0.6448368 0.5949536
199.4579 pos 0.722947 0.6002555
199.5576 pos 0.7523154 0.5976335
199.657 pos 0.7178918 0.5871767
199.7565 pos 0.6188877 0.5583699
199.8562 pos 0.5309703 0.5191628
199.9558 pos 0.5236993 0.508829
200.0555 pos 0.5426148 0.5042822
200.1551 pos 0.5877709 0.5149861
200.2547 pos 0.5897431 0.5161111
200.3543 pos 0.5663007 0.5281441
200.4541 pos 0.5283153 0.5762867
200.5535 pos 0.5059698 0.5963121
200.653 pos 0.4850971 0.6031635
200.7526 pos 0.466323 0.6068908
200.8522 pos 0.4574237 0.6125447
200.8688 gestureEnd eight
202.7275 gestureStart
202.7275 pos 0.3470499 0.6977249
202.827 pos 0.3463408 0.6966246
202.8436 select right
203.8891 gestureStart
203.8891 pos 0.8328289 0.6076296
203.9886 pos 0.8274148 0.6066929
204.0883 pos 0.7169697 0.6005931
204.1879 pos 0.5949879 0.6058848
204.2875 pos 0.5409464 0.6097265
204.3871 pos 0.502658 0.6112899
204.4866 pos 0.4674249 0.6113871
204.5862 pos 0.4551426 0.6122086
204.6195 gestureEnd out
206.1629 gestureStart
206.1629 pos 0.8164306 0.594746
206.2624 pos 0.7535652 0.5818521
206.362 pos 0.6115947 0.5503142
206.4615 pos 0.5001557 0.5275903
206.5612 pos 0.4431995 0.5084861
206.6607 pos 0.4067102 0.5102937
206.7603 pos 0.395325 0.5161259
206.8435 gestureEnd of
207.7729 gestureStart
207.7729 pos 0.448726 0.5768164
207.8726 pos 0.4579753 0.5759485
207.972 pos 0.4766885 0.5596127
208.0716 pos 0.5780187 0.5185522
208.1712 pos 0.6570949 0.5002781
208.2707 pos 0.6350723 0.5079215
208.3704 pos 0.5353811 0.524083
208.4698 pos 0.3850527 0.5442525
208.5696 pos 0.275417 0.5668653
208.6692 pos 0.2504504 0.5864906
208.7688 pos 0.2674744 0.5981014
208.8186 gestureEnd the
209.7812 gestureStart
209.7812 pos 0.1515332 0.5783527
209.8806 pos 0.1446948 0.5375195
209.9801 pos 0.1278478 0.5077363
210.0797 pos 0.1400876 0.5061003
210.1792 pos 0.2299923 0.5202355
210.2788 pos 0.3533171 0.5396956
210.3783 pos 0.4391578 0.5538804
210.478 pos 0.4472754 0.5649735
210.5776 pos 0.403715 0.5939789
210.6772 pos 0.3296418 0.6090692
210.7768 pos 0.2874456 0.6077431
210.8764 pos 0.3310304 0.5990133
210.976 pos 0.3821255 0.5972528
211.0755 pos 0.3829398 0.5974056
211.1255 gestureEnd water
212.3038 gestureStart
212.3038 pos -0.2150326 0.3605784
215.0258 session normal_0.6_1
215.0258 phrase my preferred treat is chocolate
216.7519 gestureStart
216.7519 pos 0.7349393 0.409772
216.8515 pos 0.6937494 0.4386589
216.951 pos 0.6136844 0.5147364
217.0506 pos 0.5818008 0.5646613
217.1502 pos 0.5756442 0.5846902
217.2499 pos 0.5619114 0.5922447
217.3163 gestureEnd my
218.4449 gestureStart
218.4449 pos 0.8957294 0.5904415
218.5447 pos 0.8869098 0.5919306
218.644 pos 0.8440052 0.5907079
218.7437 pos 0.7257433 0.5775245
218.8433 pos 0.5548997 0.5789971
218.9431 pos 0.455668 0.5895271
219.0922 pos 0.4106938 0.600136
219.1919 pos 0.3949283 0.6022709
219.2915 pos 0.3444203 0.6064746
219.3911 pos 0.3010125 0.608467
219.4907 pos 0.2873574 0.6112276
219.5904 pos 0.2749072 0.6110754
219.6899 pos 0.2628418 0.6085131
219.7894 pos 0.2604836 0.6048726
219.8891 pos 0.2616474 0.5990316
219.9887 pos 0.2623865 0.5914108
220.1052 pos 0.2817035 0.5816785
220.2046 pos 0.3570487 0.5611955
220.3042 pos 0.4094426 0.532571
220.4038 pos 0.4026074 0.5212164
220.5034 pos 0.3805097 0.5281539
220.6031 pos 0.3005798 0.5654551
220.7026 pos 0.2066503 0.5768942
220.8022 pos 0.2129268 0.5769812
220.9017 pos 0.2903497 0.5813267
221.0013 pos 0.3760574 0.5857522
221.101 pos 0.4092639 0.5862383
221.2005 pos 0.3837525 0.587079
221.3001 pos 0.323993 0.5897208
221.3996 pos 0.2758992 0.5904877
221.4992 pos 0.2705168 0.5895437
221.5991 pos 0.2709766 0.5886182
221.6984 pos 0.2721905 0.5868736
221.798 pos 0.2731916 0.5857
221.8977 pos 0.2789376 0.5841431
221.9971 pos 0.2835898 0.5847464
222.0969 pos 0.282215 0.5859981
222.1964 pos 0.2812742 0.586338
222.296 pos 0.280865 0.5863102
222.3956 pos 0.2845474 0.5847955
222.4953 pos 0.2850142 0.5819547
222.595 pos 0.2756599 0.5712078
222.6944 pos 0.2585998 0.5196995
222.7939 pos 0.2620525 0.5087448
222.8605 gestureEnd ordered
224.9185 gestureStart
224.9185 pos -0.4512014 0.4519568
226.3127 gestureStart
226.3127 pos 0.7205881 0.3854988
226.4121 pos 0.7236395 0.3986464
226.5119 pos 0.6918335 0.437442
226.6114 pos 0.6120189 0.5171497
226.711 pos 0.5698638 0.5610139
226.8105 pos 0.5524966 0.5820239
226.9102 pos 0.5380344 0.5919542
226.9434 gestureEnd my
228.0553 gestureStart
228.0553 pos 0.933121 0.5887221
228.1549 pos 0.9027719 0.5873168
228.2545 pos 0.806681 0.5829602
228.3541 pos 0.642953 0.5811726
228.4536 pos 0.4942636 0.5818996
228.5532 pos 0.3925971 0.5853329
228.6529 pos 0.3509631 0.5904909
228.7524 pos 0.3044851 0.5908771
228.8521 pos 0.2626129 0.5891829
228.9516 pos 0.2556548 0.5867441
229.0511 pos 0.2561279 0.5840757
229.1507 pos 0.2893527 0.5701421
229.2502 pos 0.367388 0.5362442
229.3502 pos 0.4214291 0.505771
229.4495 pos 0.4197538 0.502315
229.549 pos 0.4031537 0.5069077
229.6486 pos 0.3574966 0.5385174
229.7482 pos 0.2884415 0.5777681
229.848 pos 0.2540316 0.5867864
229.9474 pos 0.2955273 0.5833935
230.0468 pos 0.3697636 0.5800658
230.1464 pos 0.3829958 0.5857326
230.246 pos 0.3703699 0.5886106
230.3457 pos 0.348556 0.5879361
230.4451 pos 0.2893574 0.583088
230.5446 pos 0.2357873 0.5796771
230.6443 pos 0.2482696 0.5667421
230.7438 pos 0.2767318 0.5206327
230.8437 pos 0.2774105 0.4863592
230.9431 pos 0.2765425 0.4820049
230.9929 gestureEnd preferred
232.4698 gestureStart
232.4698 pos 0.4509231 0.5883062
232.5693 pos 0.3987822 0.5992435
232.6688 pos 0.3338063 0.5995905
232.7684 pos 0.283287 0.5924438
232.8679 pos 0.273066 0.5875756
232.9675 pos 0.2416514 0.5811257
233.0671 pos 0.2230124 0.5685446
233.1666 pos 0.1728934 0.5155467
233.2662 pos 0.124839 0.4848112
233.3656 pos 0.146009 0.4888025
233.4653 pos 0.2528203 0.5144079
233.5648 pos 0.3660576 0.5309607
233.6643 pos 0.4251322 0.5420847
233.7639 pos 0.4383197 0.5503672
233.8634 pos 0.4505221 0.5671342
233.9628 pos 0.4681619 0.5798197
234.046 gestureEnd treat
234.9918 gestureStart
234.9918 pos 0.7553132 0.5982016
235.0916 pos 0.7028738 0.590447
235.191 pos 0.5541149 0.5647939
235.2905 pos 0.4182314 0.549539
235.39 pos 0.3340837 0.5299491
235.4897 pos 0.2537305 0.5254098
235.5892 pos 0.2198168 0.5208804
235.6888 pos 0.2200137 0.5235019
235.7552 gestureEnd is
237.0496 gestureStart
237.0496 pos 0.3185166 0.4096536
237.1492 pos 0.3470366 0.4130735
237.2487 pos 0.3905648 0.4359779
237.3483 pos 0.4701613 0.4694853
237.4478 pos 0.5516477 0.4818262
237.5474 pos 0.602249 0.4954321
237.647 pos 0.6362895 0.5169987
237.7465 pos 0.6954936 0.5582958
237.8459 pos 0.7627335 0.5748106
237.9456 pos 0.807964 0.578784
238.0451 pos 0.8321514 0.5771616
238.1448 pos 0.8411637 0.580658
238.2442 pos 0.8338235 0.5785302
238.3439 pos 0.813493 0.5682848
238.4434 pos 0.7528249 0.5342076
238.543 pos 0.6334466 0.4892583
238.6426 pos 0.4992554 0.4542284
238.7421 pos 0.4034305 0.4303361
238.8416 pos 0.3536965 0.4175177
238.9411 pos 0.3453826 0.4205796
239.0407 pos 0.4324602 0.449877
239.1403 pos 0.5993932 0.4779912
239.2399 pos 0.741905 0.5236279
239.3395 pos 0.8348942 0.574626
239.4391 pos 0.8785037 0.6119465
239.5387 pos 0.8745034 0.6123016
239.6383 pos 0.8716822 0.598376
239.7379 pos 0.8942106 0.5557379
239.8374 pos 0.9098703 0.4862067
239.9369 pos 0.8828851 0.4686243
240.0365 pos 0.7892968 0.4827674
240.1361 pos 0.5724136 0.4740948
240.2357 pos 0.3320041 0.4641787
240.3352 pos 0.1624691 0.4723485
240.4348 pos 0.1075649 0.5019239
240.5343 pos 0.1372528 0.5280738
240.6338 pos 0.2492948 0.5433167
240.7334 pos 0.3755288 0.5517698
240.833 pos 0.4589656 0.5783502
240.9326 pos 0.4739204 0.593978
241.0321 pos 0.4014697 0.5972705
241.1316 pos 0.297547 0.5875912
241.2311 pos 0.255879 0.5858243
241.3307 pos 0.2681161 0.5873684
241.3474 gestureEnd chocolate
242.459 gestureStart
242.459 pos -0.2592951 0.3327959
243.405 phrase do not drink too much
244.6329 gestureStart
244.6329 pos 0.271405 0.509729
244.7324 pos 0.2712835 0.5058459
244.832 pos 0.3272607 0.5124786
244.9315 pos 0.4934574 0.5404994
245.031 pos 0.649532 0.5698816
245.1307 pos 0.7453858 0.5881391
245.2302 pos 0.8023865 0.5988294
245.3298 pos 0.8165292 0.5993149
245.4292 pos 0.8122805 0.5965754
245.4624 gestureEnd so
247.0055 gestureStart
247.0055 pos 0.7225036 0.6837927
247.0719 select do
247.9015 gestureStart
247.9015 pos 0.6700398 0.3946179
248.0012 pos 0.675625 0.4285939
248.1006 pos 0.7174258 0.5027781
248.2001 pos 0.7748327 0.5852331
248.2997 pos 0.8283798 0.6238611
248.449 pos 0.8351889 0.62421
248.5485 pos 0.7348945 0.5970901
248.6481 pos 0.6192591 0.5897049
248.7476 pos 0.5338272 0.5849334
248.847 pos 0.4845028 0.5842481
248.9467 pos 0.4411145 0.5832016
249.0463 gestureEnd not
250.8216 gestureStart
250.8216 pos 0.314117 0.4949234
250.921 pos 0.3225585 0.5126278
251.0207 pos 0.3501109 0.5719825
251.1202 pos 0.3723136 0.5876715
251.2198 pos 0.3960958 0.5876857
251.3194 pos 0.4952381 0.5858119
251.4189 pos 0.6452196 0.6010673
251.5185 pos 0.7503616 0.6089766
251.6181 pos 0.7779107 0.5898043
251.7178 pos 0.7431973 0.5369809
251.8173 pos 0.6735229 0.4694106
251.9167 pos 0.611325 0.4274861
252.0163 pos 0.6218546 0.4299196
252.1159 pos 0.6900809 0.4736795
252.2155 pos 0.7636966 0.5023891
252.315 pos 0.8038955 0.5079814
252.4147 pos 0.8032427 0.5091851
252.4646 gestureEnd drink
253.7585 gestureStart
253.7585 pos 0.468136 0.5786227
253.8581 pos 0.5334705 0.5823624
253.9576 pos 0.6809859 0.5844081
254.0573 pos 0.7672819 0.5875502
254.2066 pos 0.8324483 0.5943104
254.306 pos 0.835767 0.5926691
254.4057 pos 0.8385856 0.5896789
254.472 gestureEnd to
255.7329 gestureStart
255.7329 pos 0.7145414 0.6954829
255.8159 select too
256.496 gestureStart
256.496 pos 0.7379135 0.4204067
256.5955 pos 0.7168509 0.4803002
256.6951 pos 0.6997056 0.5556021
256.7947 pos 0.6983802 0.5899438
256.8942 pos 0.6645347 0.579042
256.9939 pos 0.5658534 0.5325523
257.0933 pos 0.4528091 0.4885073
257.1931 pos 0.3685843 0.4453781
257.2925 pos 0.3584192 0.429089
257.3921 pos 0.4132404 0.431944
257.4916 pos 0.5096588 0.465465
257.5911 pos 0.5950156 0.4913636
257.6907 pos 0.6165364 0.5027208
257.7737 gestureEnd much
258.7524 gestureStart
258.7524 pos -0.1915491 0.3360319
258.8519 pos -0.2078526 0.3464662
259.997 phrase interactions between men and women
261.291 gestureStart
261.291 pos 0.7270653 0.5870553
261.3905 pos 0.7278669 0.5801268
261.4901 pos 0.7149823 0.5066954
261.5896 pos 0.6677034 0.4179094
261.6892 pos 0.6371093 0.395187
261.7888 pos 0.623615 0.4091293
261.8884 pos 0.5727215 0.4619428
261.988 pos 0.4765496 0.5445395
262.0876 pos 0.4366715 0.580586
262.187 pos 0.4368319 0.5925328
262.2865 pos 0.4302302 0.5977442
262.386 pos 0.4177647 0.5999112
262.4855 pos 0.3882049 0.5990919
262.5851 pos 0.3276788 0.5850039
262.6847 pos 0.2731285 0.5667611
262.7844 pos 0.2704778 0.5620777
262.8837 pos 0.3123198 0.5610763
262.9834 pos 0.3262152 0.5646378
263.0829 pos 0.3302751 0.5676672
263.1824 pos 0.3281891 0.5716272
263.2821 pos 0.3316875 0.5756819
263.3816 pos 0.3342365 0.5775862
263.481 pos 0.3343988 0.5778784
263.5806 pos 0.3262412 0.568911
263.6801 pos 0.2774189 0.5340424
263.7798 pos 0.175056 0.50069
263.8792 pos 0.0810986 0.5001245
263.9787 pos 0.06782027 0.5020106
264.0782 pos 0.1087449 0.4930369
264.1779 pos 0.1907025 0.4690315
264.2776 pos 0.3239765 0.4270941
264.377 pos 0.394462 0.4239192
264.4766 pos 0.3792027 0.4433947
264.5761 pos 0.3761255 0.4987057
264.6757 pos 0.4325055 0.5533352
264.7754 pos 0.4793744 0.5938036
264.8748 pos 0.5204476 0.5985168
264.9744 pos 0.6266039 0.59129
265.074 pos 0.7487881 0.5904616
265.1736 pos 0.8158044 0.5902653
265.2733 pos 0.8176668 0.5691667
265.3727 pos 0.7588162 0.508073
265.4722 pos 0.6940667 0.4571328
265.638 pos 0.6365697 0.430589
265.7375 pos 0.6175632 0.4282534
265.8374 pos 0.5329939 0.4474633
265.9366 pos 0.3861516 0.4670669
266.0361 pos 0.2641124 0.485108
266.1356 pos 0.2062573 0.5035259
266.2352 pos 0.2053431 0.5127117
266.2685 gestureEnd interactions
267.9774 gestureStart
267.9774 pos 0.5124711 0.4172034
268.0769 pos 0.4530559 0.4776355
268.1764 pos 0.3690881 0.5229236
268.276 pos 0.3078891 0.5444616
268.3755 pos 0.241732 0.553533
268.475 pos 0.2276539 0.5595526
268.5748 pos 0.2460843 0.5681217
268.6742 pos 0.3303453 0.5692007
268.7739 pos 0.4314536 0.5757824
268.8735 pos 0.4839907 0.5859383
268.973 pos 0.484652 0.5901936
269.0725 pos 0.4308946 0.5935087
269.1721 pos 0.3354363 0.5961791
269.2716 pos 0.2472051 0.5954977
269.3711 pos 0.1719185 0.5953499
269.4706 pos 0.1656801 0.5940717
269.5702 pos 0.2141719 0.5889529
269.6699 pos 0.3235954 0.5854433
269.7693 pos 0.495535 0.5826806
269.8688 pos 0.6487958 0.581987
269.9683 pos 0.7466481 0.5810009
270.0679 pos 0.765576 0.5771005
270.1678 pos 0.7517539 0.5721806
270.267 pos 0.7450648 0.5732903
270.3666 pos 0.7507795 0.5710478
270.4662 pos 0.7566404 0.5676665
270.5656 pos 0.759341 0.567076
270.6656 pos 0.7654368 0.5677885
270.7647 pos 0.7814515 0.5537189
270.7981 gestureEnd break
272.7723 gestureStart
272.7723 pos -0.3816244 0.4663182
274.3323 gestureStart
274.3323 pos 0.7536098 0.5867096
274.4318 pos 0.7290241 0.5633336
274.5313 pos 0.6793345 0.4864267
274.631 pos 0.640749 0.4268379
274.7305 pos 0.6310661 0.4102882
274.8301 pos 0.6270004 0.4096035
274.9295 pos 0.6100026 0.4360802
275.0291 pos 0.5544659 0.4825353
275.1288 pos 0.4829795 0.532644
275.2283 pos 0.4597338 0.5565681
275.3279 pos 0.4667924 0.5580862
275.4276 pos 0.4700097 0.5626279
275.527 pos 0.4586242 0.5617962
275.6267 pos 0.4366292 0.5653278
275.7261 pos 0.4035837 0.5654413
275.8257 pos 0.3409018 0.5661508
275.9253 pos 0.2441272 0.5664703
276.025 pos 0.2186542 0.5678852
276.1246 pos 0.2885038 0.5631157
276.2242 pos 0.368702 0.5611569
276.3236 pos 0.3609481 0.558502
276.4232 pos 0.2669642 0.534557
276.5229 pos 0.1354033 0.5021408
276.6224 pos 0.05849709 0.4888712
276.7219 pos 0.1005198 0.4798766
276.8215 pos 0.1934155 0.443078
276.921 pos 0.2947677 0.3832705
277.0206 pos 0.3664019 0.3685529
277.1201 pos 0.3886338 0.4052253
277.2197 pos 0.4124673 0.4860453
277.3192 pos 0.4515809 0.5490713
277.4187 pos 0.470674 0.5790906
277.5183 pos 0.4807336 0.5790521
277.6179 pos 0.568595 0.5643849
277.7174 pos 0.6931841 0.5636647
277.8668 pos 0.8210137 0.5670373
277.9662 pos 0.8487729 0.5570823
278.0659 pos 0.8265293 0.5344574
278.1655 pos 0.7313695 0.4860301
278.265 pos 0.6623694 0.4299842
278.3644 pos 0.6242841 0.3862297
278.4641 pos 0.5588829 0.3921047
278.5636 pos 0.4276773 0.4371463
278.6631 pos 0.3079206 0.469026
278.7627 pos 0.2423809 0.4917654
278.8623 pos 0.241091 0.5085075
278.9619 gestureEnd interactions
280.0238 gestureStart
280.0238 pos 0.5441052 0.414928
280.1235 pos 0.4964376 0.4346767
280.223 pos 0.4021513 0.4914105
280.3224 pos 0.2837241 0.5332912
280.422 pos 0.2490487 0.5638421
280.5215 pos 0.2649962 0.5728347
280.6212 pos 0.2705079 0.582347
280.7208 pos 0.2666045 0.5889111
280.8202 pos 0.2597686 0.5905434
280.9197 pos 0.2535473 0.5909635
281.0194 pos 0.2562481 0.5887058
281.119 pos 0.2694193 0.586965
281.2184 pos 0.3509977 0.5831332
281.3181 pos 0.4683443 0.5869047
281.4177 pos 0.5193166 0.5911344
281.5173 pos 0.5054173 0.5909839
281.617 pos 0.4729615 0.5929937
281.7162 pos 0.4287055 0.5963264
281.8159 pos 0.3412285 0.6096787
281.9154 pos 0.2183348 0.6180204
282.015 pos 0.1261886 0.6221668
282.1148 pos 0.1202217 0.6226967
282.2141 pos 0.1437026 0.6199003
282.3137 pos 0.2026669 0.6089186
282.4132 pos 0.2624724 0.6032512
282.5128 pos 0.2993129 0.593575
282.6125 pos 0.3549784 0.5559599
282.7119 pos 0.457369 0.4994589
282.8115 pos 0.5544453 0.4539201
282.911 pos 0.6057994 0.4251767
283.0104 pos 0.6110114 0.4086602
283.1104 pos 0.6126711 0.4004746
283.2096 pos 0.615468 0.4050685
283.2928 gestureEnd between
284.7031 gestureStart
284.7031 pos 0.7490464 0.4025349
284.8026 pos 0.6815326 0.4308565
284.9022 pos 0.5440129 0.4896998
285.0018 pos 0.3842859 0.5399325
285.1013 pos 0.2503745 0.5690412
285.2008 pos 0.269132 0.5602437
285.3003 pos 0.3896402 0.5203764
285.3998 pos 0.517527 0.4690303
285.4994 pos 0.6021212 0.423764
285.5989 pos 0.6169887 0.404974
285.6985 pos 0.6153644 0.4030344
285.7979 pos 0.6190657 0.4031331
285.8146 gestureEnd men
286.8932 gestureStart
286.8932 pos 0.1426718 0.4823879
286.993 pos 0.2805369 0.4521497
287.0924 pos 0.4555212 0.4230658
287.1919 pos 0.5992299 0.4048608
287.2914 pos 0.6414184 0.4048673
287.391 pos 0.5817339 0.4179521
287.4907 pos 0.4678564 0.4550473
287.5901 pos 0.3601681 0.491605
287.6896 pos 0.2992518 0.5145567
287.7892 gestureEnd and
288.5359 gestureStart
288.5359 pos 0.1737661 0.5828765
288.6355 pos 0.1794945 0.5897531
288.735 pos 0.292629 0.5808539
288.8347 pos 0.4968393 0.5733293
288.9341 pos 0.6750823 0.5812896
289.0337 pos 0.7998269 0.590788
289.183 pos 0.8601147 0.5784261
289.2826 pos 0.8183952 0.5403889
289.3821 pos 0.791159 0.472034
289.4815 pos 0.7820888 0.4357193
289.5811 pos 0.7560287 0.4273927
289.6807 pos 0.6824108 0.4410409
289.7802 pos 0.4878375 0.4491288
289.8798 pos 0.2993631 0.4696394
289.9793 pos 0.1901123 0.5044903
290.0788 pos 0.1673153 0.5308102
290.1784 pos 0.1687923 0.5371092
290.2779 pos 0.1766527 0.5348395
290.3776 pos 0.2463397 0.5078512
290.477 pos 0.3553668 0.4777316
290.5767 pos 0.4802083 0.4357325
290.6762 pos 0.5703198 0.4137361
290.7758 pos 0.6182322 0.407265
290.8752 pos 0.6286751 0.4075533
290.9749 pos 0.6317341 0.4065077
291.0744 pos 0.6413139 0.4041492
291.174 pos 0.6526702 0.4108328
291.1906 gestureEnd woman
292.684 gestureStart
292.684 pos 0.5104917 0.7252676
292.7007 select women
294.808 phrase they might find your comment offensive
297.6784 gestureStart
297.6784 pos 0.4513067 0.6188606
297.7779 pos 0.4519787 0.6151994
297.8776 pos 0.4904793 0.600598
297.977 pos 0.5736324 0.5644591
298.0766 pos 0.6378692 0.5157526
298.1761 pos 0.6539677 0.5032898
298.2758 pos 0.6335573 0.5012867
298.3753 pos 0.5843374 0.5233881
298.4748 pos 0.4606319 0.5492133
298.5745 pos 0.3124102 0.5700068
298.6742 pos 0.2030915 0.5959892
298.7736 pos 0.2020909 0.6067798
298.8731 pos 0.2928128 0.6087072
298.9729 pos 0.4335873 0.5942728
299.0723 pos 0.5467644 0.5876297
299.1719 pos 0.5749677 0.5922431
299.2216 gestureEnd they
300.5324 gestureStart
300.5324 pos 0.7358677 0.4216025
300.6319 pos 0.7449664 0.4949885
300.7314 pos 0.7638417 0.5776194
300.831 pos 0.7732468 0.6048883
300.9305 pos 0.7658373 0.6054354
301.0301 pos 0.743533 0.5893405
301.1298 pos 0.7042241 0.5788227
301.2291 pos 0.6116762 0.561733
301.3288 pos 0.5494738 0.528253
301.4781 pos 0.5132563 0.4641825
301.5776 pos 0.5422849 0.4724552
301.6772 pos 0.5841074 0.4924461
301.7767 pos 0.5724705 0.506925
301.8762 pos 0.5137351 0.536508
301.9758 pos 0.4574129 0.579604
302.0754 pos 0.4422517 0.6050451
302.175 gestureEnd might
303.5355 gestureStart
303.5355 pos 0.4164334 0.4828839
303.6351 pos 0.4432631 0.5020088
303.7346 pos 0.5470132 0.5514964
303.8341 pos 0.6693691 0.5880484
303.9337 pos 0.7265364 0.5998226
304.0333 pos 0.7202795 0.5845398
304.1328 pos 0.680187 0.5386475
304.2325 pos 0.635025 0.4678984
304.332 pos 0.6088673 0.4267759
304.4316 pos 0.6007065 0.4203785
304.531 pos 0.5524399 0.4396555
304.6305 pos 0.4350306 0.472528
304.7301 pos 0.3325327 0.4969058
304.8295 pos 0.2857124 0.5130522
304.9291 pos 0.2852172 0.5216694
304.9955 gestureEnd find
306.3892 gestureStart
306.3892 pos 0.5366712 0.6061056
306.4887 pos 0.5395216 0.6077229
306.5883 pos 0.643962 0.6130465
306.6879 pos 0.8097748 0.6240517
306.7874 pos 0.862658 0.6269117
306.8868 pos 0.76559 0.6173763
306.9863 pos 0.6040024 0.6063466
307.1356 pos 0.3838132 0.593823
307.2352 pos 0.3332005 0.5915768
307.3348 pos 0.3384436 0.5907234
307.4013 gestureEnd your
308.7119 gestureStart
308.7119 pos 0.3514652 0.4027334
308.8114 pos 0.3687712 0.4184059
308.911 pos 0.4605593 0.4710006
309.0106 pos 0.6399136 0.5230668
309.1101 pos 0.7727427 0.5611848
309.2096 pos 0.8325838 0.5704452
309.3091 pos 0.8518447 0.5722777
309.4087 pos 0.831948 0.5468016
309.5083 pos 0.7805694 0.4813405
309.6078 pos 0.7512358 0.4101211
309.7073 pos 0.753665 0.3989907
309.8069 pos 0.7513072 0.3982067
309.9065 pos 0.7440804 0.4000326
310.006 pos 0.7318763 0.4010141
310.1056 pos 0.7218155 0.4129851
310.2052 pos 0.7025442 0.4525691
310.3047 pos 0.5784923 0.5403491
310.4043 pos 0.3835416 0.6178577
310.5038 pos 0.2514977 0.6559957
310.6034 pos 0.2260923 0.6342078
310.703 pos 0.3095874 0.5883948
310.8026 pos 0.4461207 0.5294325
310.9021 pos 0.5798224 0.4638633
311.0016 pos 0.6482589 0.4123518
311.1012 pos 0.6467591 0.4123506
311.2008 pos 0.6064398 0.4778299
311.3003 pos 0.5275297 0.5580573
311.4 pos 0.4642844 0.5827968
311.4996 pos 0.4399044 0.5875997
311.5161 gestureEnd content
313.1922 gestureStart
313.1922 pos 0.5209824 0.670513
313.2253 select comment
314.1878 gestureStart
314.1878 pos 0.8328915 0.5947925
314.2874 pos 0.8516538 0.5967094
314.3869 pos 0.7691817 0.5864436
314.4866 pos 0.6232196 0.5703873
314.5861 pos 0.511714 0.5595071
314.6857 pos 0.4245906 0.5471835
314.7852 pos 0.3798648 0.5437085
314.8847 pos 0.382145 0.5400146
314.9844 pos 0.3845724 0.5349807
315.084 pos 0.3713405 0.5369827
315.1836 pos 0.3359728 0.5607566
315.283 pos 0.314506 0.5990928
315.3827 pos 0.2753181 0.6139364
315.4822 pos 0.3096721 0.5958164
315.5818 pos 0.4264652 0.5525748
315.6812 pos 0.5257291 0.5071739
315.7809 pos 0.5808734 0.4803085
315.8804 pos 0.6179377 0.4614681
315.9802 pos 0.6194417 0.4541542
316.0796 pos 0.6013725 0.4443432
316.1792 pos 0.4872344 0.4663524
316.2786 pos 0.3312708 0.5227589
316.3782 pos 0.2428068 0.547258
316.4781 pos 0.2448981 0.549
316.5773 pos 0.375032 0.5594282
316.6767 pos 0.5512954 0.5885041
316.7765 pos 0.6724477 0.6084526
316.876 pos 0.7311899 0.6057134
316.9757 pos 0.7570249 0.5811294
317.0751 pos 0.700873 0.527318
317.1747 pos 0.5930281 0.4694035
317.2742 pos 0.4878882 0.4018131
317.3738 pos 0.4145885 0.3849529
317.4735 pos 0.3881108 0.4109603
317.5729 pos 0.3700219 0.4934198
317.6724 pos 0.3157684 0.5411049
317.772 pos 0.2479335 0.5622571
317.8385 gestureEnd offensive
319.0995 gestureStart
319.0995 pos -0.1968704 0.371591
320.1449 phrase a subject one can really enjoy
323.0983 gestureStart
323.0983 pos 0.07875843 0.4977547
323.1482 gestureEnd a
324.7743 gestureStart
324.7743 pos 0.2514218 0.5244996
324.8738 pos 0.3201449 0.5369959
324.9733 pos 0.4259977 0.5497063
325.0728 pos 0.5289836 0.5698442
325.1724 pos 0.5811328 0.5784377
325.2721 pos 0.5933043 0.5782235
325.3716 pos 0.6067126 0.5786127
325.4712 pos 0.6139066 0.5795675
325.5708 pos 0.6118239 0.5798074
325.6704 pos 0.6061293 0.5484771
325.7699 pos 0.5489915 0.4633508
325.8695 pos 0.4992333 0.4184178
325.9689 pos 0.5041597 0.4133951
326.0684 pos 0.5571982 0.4316618
326.168 pos 0.669828 0.4615273
326.2675 pos 0.7184502 0.4797041
326.3673 pos 0.6542202 0.4973879
326.4666 pos 0.5542823 0.5343163
326.5663 pos 0.4071893 0.5838346
326.6658 pos 0.2504472 0.60506
326.7653 pos 0.183839 0.5977223
326.8649 pos 0.2191765 0.5683278
326.9644 pos 0.2805982 0.5175834
327.0641 pos 0.3188104 0.4527514
327.1637 pos 0.3379059 0.4094698
327.2632 pos 0.3493918 0.4188139
327.3628 pos 0.3850407 0.4931574
327.4623 pos 0.4483633 0.5509566
327.5619 pos 0.4870135 0.5781819
327.6613 pos 0.4785325 0.5878785
327.7113 gestureEnd subject
328.7731 gestureStart
328.7731 pos 0.8497511 0.6178524
328.8728 pos 0.8041868 0.5664961
328.9725 pos 0.7311724 0.49069
329.072 pos 0.6864407 0.4450215
329.1715 pos 0.6650164 0.4333088
329.2712 pos 0.6221595 0.4528784
329.3706 pos 0.524212 0.5065572
329.4701 pos 0.4155437 0.5430698
329.5697 pos 0.3510625 0.5719572
329.6693 pos 0.3151067 0.5882964
329.7687 pos 0.3077395 0.5962477
329.8683 pos 0.304613 0.6045794
329.9514 gestureEnd one
330.8473 gestureStart
330.8473 pos 0.3471004 0.4145637
330.9469 pos 0.2981074 0.4469194
331.0466 pos 0.1663815 0.4749925
331.146 pos 0.08065686 0.4973167
331.2456 pos 0.1027496 0.5042488
331.3452 pos 0.2363717 0.4962525
331.4447 pos 0.4079804 0.4775922
331.5443 pos 0.5321561 0.4544615
331.6439 pos 0.602689 0.4457093
331.7435 pos 0.6237608 0.4423876
331.843 pos 0.6383686 0.4380436
331.9427 pos 0.6474658 0.4352605
331.9924 gestureEnd can
333.2867 gestureStart
333.2867 pos 0.4043659 0.5940328
333.3863 pos 0.3845291 0.5975081
333.4858 pos 0.3097244 0.5856746
333.5854 pos 0.2199127 0.5705047
333.6848 pos 0.163508 0.5479177
333.7845 pos 0.1253123 0.5206707
333.884 pos 0.1451602 0.5113131
333.9836 pos 0.2319422 0.5085552
334.0832 pos 0.402696 0.5053195
334.1827 pos 0.5938624 0.49983
334.2823 pos 0.7478597 0.494193
334.382 pos 0.8508315 0.4914688
334.4815 pos 0.8945513 0.4989705
334.5811 pos 0.8788005 0.5150849
334.6806 pos 0.8113415 0.5430636
334.7802 pos 0.7260714 0.5609508
334.8799 pos 0.6421078 0.5764164
334.9793 pos 0.591774 0.589756
335.0789 pos 0.5851893 0.5938253
335.1784 pos 0.5727417 0.5947905
335.212 gestureEnd really
336.141 gestureStart
336.141 pos 0.2378033 0.5953182
336.2406 pos 0.3387434 0.5628169
336.3401 pos 0.4769598 0.5084754
336.4398 pos 0.5888141 0.4781349
336.5392 pos 0.6529216 0.458067
336.6388 pos 0.6644518 0.4507878
336.7383 pos 0.6696842 0.4542201
336.8379 pos 0.6981751 0.5099551
336.9375 pos 0.7587619 0.5475183
337.037 pos 0.8284716 0.5776843
337.1366 pos 0.8680063 0.5967634
337.2362 pos 0.8537295 0.6020954
337.3358 pos 0.7716416 0.5889074
337.4357 pos 0.68378 0.5764992
337.5349 pos 0.6067594 0.5815262
337.6345 pos 0.5656635 0.5905066
337.7341 gestureEnd enjoy
338.7796 gestureStart
338.7796 pos -0.2277389 0.3588498
339.8414 phrase what goes up must come down
