x, y
7.91472455663, 1.94211981709
12.0599861429, 1.67754046672
7.68848597863, 1.42777737933
7.54331002664, 1.42420566971
7.57253982416, 1.03050351154
2.76987564467, 0.220030858316
4.66653019351, 1.38557996386
6.71522677761, 1.82342517365
7.81293475714, 1.48931309209
4.0918793803, 0.321258453215
6.40436883059, 1.50194101956
5.79818176431, 2.07627306127
10.004365042, 1.37323327826
4.23429106405, 4.08075929752
8.28533458809, 2.03850968325
8.22469666618, 0.969998859953
0.0, 0.0
5.04661486415, 2.82763399937
5.1051365536, 1.94207405968
5.74699875172, 2.63497094525
6.63913888889, 0.987272222222
4.92904538341, 0.814764475743
5.49652015014, 2.05366159621
5.16505947743, 2.95572333905
7.90399557647, 0.357208470588
5.76493760495, 1.48388001712
2.26282485876, 3.65157062147
4.13884467176, 3.17972605619
4.7773566789, 2.55645956886
6.3964513508, 1.28328932223
4.81322706065, 0.632309097978
7.5899462929, 1.49604139376
7.67449846439, 1.1866257171
5.92259322034, 0.346032015066
6.1569267101, 1.24738762215
6.1668600311, 0.645632581649
6.50029641745, 2.5393043264
9.29628194003, 1.38574486549
4.8221305272, 1.84797225012
6.92466276518, 2.43829670812
3.03444091061, 3.04824238366
8.08098898132, 1.15746601789
4.54955798379, 3.02599718012
8.86722256569, 2.07860896445
5.37167249533, 2.13228197515
10.1707685889, 1.77754774708
5.40182807717, 1.08762038972
7.74439582897, 1.4911276462
6.89736645963, 1.92775465839
0.0, 0.0
5.19530304786, 1.16923513733
6.45965447971, 0.193254319004
7.40636972539, 1.42242732753
7.14628433661, 2.11302213445
4.98272896928, 0.306960953201
6.37262404248, 2.75438653377
10.4566313776, 1.88781557087
4.61782700766, 1.57173481023
6.47418391951, 1.41285732103
7.44894715692, 1.19001607394
3.5559526447, 4.2580635558
4.76459017187, 2.15646429436
6.4660635014, 1.88685432897
4.33384531093, 2.22045840563
5.69178870075, 2.45947394378
6.56542214418, 1.58196763324
3.43341669177, 2.7265305815
4.01162643892, 0.987931389071
2.29374502196, 0.471145349024
7.84835365018, 1.47801807972
7.16852377776, 2.02108006621
5.5166896329, 1.6415351491
3.77888716904, 2.39692464358
3.61094597898, 0.798595290475
5.41463485686, 1.86998392767
4.8850135483, 0.898096125186
6.48301821103, 0.613326191751
6.19541459152, 1.06399563128
3.66694081084, 1.34569208646
3.13483950274, 0.123339827442
6.18298233047, 3.66792203916
6.17339433044, 2.12562513222
5.39566734989, 2.38628466361
8.22672510568, 2.1905314947
2.15220614449, 0.0633653140401
7.48765378671, 3.35295208655
7.03200986437, 0.489102616797
10.8466641896, 1.72238151991
4.72549780023, 0.219305849764
8.37719196429, 0.464709821429
7.14396965866, 2.38307908414
5.25931379772, 3.25584360348
7.83277310516, 0.731996694054
8.34410287119, 1.68210144353
0.852833105715, 0.427160065725
3.86345682092, 1.20158039167
11.0124903115, 0.556984354816
6.42108297154, 3.08148818138
7.84538381105, 1.8931270759
7.60754957128, 0.95728965702
8.2557932657, 0.429783855315
7.3328428446, 1.20078138718
0.0, 0.0
3.18391124634, 1.16122796946
6.44971746092, 1.69171407045
6.68607453832, 2.41220218161
7.08992113809, 1.8992036493
3.35227006839, 0.687351511879
5.77909732989, 0.896602067183
6.37795803521, 2.13776348581
2.71998356164, 0.133545205479
5.52661999222, 3.77455140672
4.34079749716, 0.292688850967
6.92791882581, 1.58876444413
7.49121658396, 2.06389253508
7.04014072709, 0.416989445468
4.8256447489, 0.654930290897
8.74034757936, 3.02968611456
6.59610623214, 0.30344619617
4.64655814577, 2.17568595927
8.37301716799, 2.95267948354
0.381980970808, 0.0387094713905
5.46043292193, 2.79799120443
8.2905345502, 1.69640482399
1.04059160129, 1.05595508383
5.74156744537, 2.40653353429
8.15164169204, 0.994881056472
7.81830700976, 1.28777107365
9.31218349661, 0.417370007536
7.76410626165, 2.36057846255
6.68222430658, 1.82610210371
6.00334346991, 5.01412131882
3.81735229449, 0.605984821619
5.93747239495, 1.99078010175
7.52145577152, 2.95773661246
6.14070224406, 2.39111756168
5.13169299253, 1.46199310741
5.7017805383, 1.92156269691
6.2013942704, 3.37335686315
5.35267724587, 0.21839020861
2.30554595828, 0.20352944372
6.88817144624, 1.25927108294
6.49596604297, 1.02472903673
3.37472294655, 1.341763907
7.81501236858, 2.01181740878
10.8211529766, 1.83298417483
0.0, 0.0
5.32497286868, 2.82912818039
7.50131323722, 1.96152206204
0.576477179443, 0.180443958349
9.65296121252, 2.05159876141
6.88939584102, 0.709628399163
5.93977558198, 2.83094289064
6.6367745518, 0.430217356814
5.81456073059, 1.80909589041
5.83456006198, 1.93437142087
5.03901625776, 1.1685474431
6.09209767057, 0.497364313586
0.969315002412, 2.38163048722
6.18352419243, 1.56141827256
8.38276745257, 2.54717644479
7.0636164587, 3.19352287582
5.76047871369, 3.03560204641
7.31676691729, 3.66239335964
8.21528695938, 2.30092309379
4.95984956377, 2.40851777008
4.21685605459, 2.98570068243
5.28299664587, 1.98672119572
8.10620912001, 1.08906897991
0.0, 0.0
2.99423429908, 2.4624761562
10.2010480136, 1.24384474775
5.24979758661, 0.199443363176
0.0, 0.0
3.2698681257, 1.58629349046
5.73998125051, 2.72149343768
2.38733739717, 1.04203965408
7.87367517401, 1.92492111369
9.72617743739, 1.91929614694
5.57058014174, 3.18860863993
8.02437225464, 0.988307218252
3.96873179978, 0.586336693375
0.0, 0.0
5.472865803, 1.47504108072
9.07887623241, 1.17037618455
0.0, 0.0
10.7108504549, 2.23118061944
7.12564373744, 2.76375841273
8.42100108404, 1.7635476269
6.93676203956, 1.19505408958
10.1490826023, 1.98176169591
8.16901993634, 0.262149438767
3.58301361004, 1.43069256757
5.63305850091, 4.13903473492
4.74268877246, 1.05179580838
8.61107228916, 0.740710843373
4.43722673435, 1.69006204174
0.0, 0.0
7.40228059192, 1.58124871941
6.85941451414, 2.06157810578
5.98943070596, 2.1874304318
4.60605252918, 1.11605836576
7.24458984911, 2.52754183814
6.45995791457, 3.78760992462
7.12796198347, 1.33889834711
8.54413060345, 2.0524762931
3.89773440644, 3.68468410463
7.92226719577, 1.71188624339
8.50514084507, 2.75033702213
5.30728813559, 4.21212617702
7.84272007201, 2.49789648965
5.7381733215, 1.72561401952
8.85966943867, 2.014004158
7.29190384615, 2.17554901961
5.54666688546, 2.98464104037
4.0017655583, 3.29443112834
4.82410610763, 0.673577326228
4.38270749913, 1.28173711009
10.6796978923, 1.00071018735
7.99827383785, 0.578840234809
7.30655401809, 2.32556679085
7.42165417657, 0.55993785414
7.84662397506, 4.59821372908
6.95924309743, 0.465760076166
3.20164003913, 3.25666286273
9.10556917185, 2.47889325036
0.0, 0.0
9.67902110879, 1.27110125261
6.97414764252, 2.33780725079
9.04308426872, 1.96081420674
3.84977015242, 4.26714483658
5.96650859159, 3.04786556917
3.38079502956, 0.504846784896
2.4716271838, 0.775394899833
2.71802178564, 0.139609025481
7.08280737018, 1.96555443886
5.80845780174, 0.942178508514
3.2730621944, 1.77060709226
6.4911163865, 1.86359168485
6.94719890658, 1.49456423862
5.80410264017, 1.745338673
7.04100935426, 3.07618286059
6.51741232304, 4.60636985199
7.4008003518, 2.82509486116
3.46348799443, 4.48928662568
7.85304378867, 3.08835475171
7.14079825462, 0.457573151951
7.79494790715, 0.406876256626
4.72088736806, 2.36337663844
7.61284301309, 0.466386828297
8.54494788664, 2.48147203619
8.19294153127, 2.02203641573
11.2835733578, 2.20888684935
6.44917725608, 3.72312082705
9.84404446214, 2.2819597636
4.6794775998, 0.445553297016
4.33022645609, 1.02163198797
1.73998318435, 2.12119302593
5.06808505897, 1.00266542854
3.44058465885, 1.95727507216
4.36019115044, 1.43956207332
4.94462841148, 1.54418614416
4.79142888403, 0.958672866521
3.83013642195, 1.73789619104
5.28512155887, 1.1409615257
3.06069620253, 2.566210636
6.81314284583, 0.764815650865
1.46388059702, 0.35824031105
4.01143510555, 1.39700820954
3.25825673034, 1.8231804426
3.39541413367, 1.73518592387
3.98614266381, 1.30367093028
4.63545682193, 0.905491117603
0.610178029831, 0.116662511945
1.51907084289, 0.22788287413
2.2660316927, 1.46882414928
4.06234144325, 1.62123597496
4.60390810853, 1.01127225375
5.15137923712, 1.29085127279
1.30121507306, 2.65180851064
3.53253064019, 1.32596987333
2.87616593661, 1.50730184528
2.1916453517, 0.686162690605
4.33658649146, 1.10102643963
0.517864741563, 0.269006930785
3.87629018717, 0.829357005284
4.2052376569, 0.830815899582
2.82450850919, 1.29842052417
3.81363534925, 0.874183218032
3.61941006181, 0.547078475863
4.04008960363, 2.13335485386
0.581015239589, 0.418243818767
4.25481780792, 0.492277942131
3.33969349663, 1.32348156395
4.96181383067, 0.758892969137
1.1903483441, 0.453684706516
3.36239703609, 1.59373581799
3.95434808394, 0.706497262774
0.0657416693944, 0.0796772504092
4.02567285599, 0.740718499658
3.02205662565, 0.696100946982
3.47936391014, 0.214051359271
3.68773942773, 1.72756074728
0.625871414249, 0.116361534232
4.96998787879, 0.622921579431
2.02157215386, 1.50711900869
1.99158571293, 0.944062233185
3.73527883047, 1.30946166395
3.49404582096, 0.644150190921
0.672774439073, 0.260664296105
4.03944779138, 1.00702288451
3.85875635397, 1.14808958573
1.851001221, 2.1331687636
1.04091841496, 0.141025806036
2.31628509459, 1.93195806724
4.57031653438, 0.751429026808
3.7119712904, 1.12472556997
3.76403037312, 0.551960557551
1.18761046261, 0.501842605019
4.61571259658, 1.14790949342
6.50081616398, 1.52185004248
2.92643922332, 1.52303548603
3.83130748378, 1.33358626198
3.55884146341, 0.944014347202
1.93843900511, 0.651810457678
5.59935595198, 0.887770378652
3.19545245839, 0.305284101779
3.3459898764, 1.33821306651
1.74725999468, 2.07829802322
3.81333090472, 1.42001337028
3.86500902979, 0.52606323027
0.0, 0.0
2.09630419661, 1.43861952237
1.60285828237, 1.6986741115
4.06832055067, 0.622052621464
2.44609813702, 1.51188800959
0.156518176583, 0.0206722485968
3.29476110867, 1.47006437894
2.8878575776, 1.44856421181
3.30517138124, 1.70054752803
4.93602324914, 0.577313145809
3.33869154229, 0.7841973466
2.95082642487, 1.2265388601
3.27927151289, 2.12308139174
3.98755229256, 1.20380398947
2.71054875776, 1.85347267081
2.57325112108, 0.216611787316
3.08358695652, 1.2320515528
3.05231855422, 1.80184144578
4.46331078311, 2.02878105781
6.78399661476, 1.10844549763
0.708252152522, 1.61741451415
3.61927378359, 0.247576615832
1.96801102796, 0.918337534462
3.31018393183, 1.33428423615
3.53641467428, 1.3235401276
3.65365769645, 1.54879978471
5.87032149695, 0.954926457789
4.29218323353, 1.52705229541
4.36598023715, 0.459665019763
2.91177262181, 2.37574941995
5.58246233319, 0.525888075764
2.58596282051, 2.33927564103
2.74345653588, 0.878165835682
2.98821332276, 0.8943481364
4.3327614897, 0.602040412044
4.44680399693, 1.22820491929
2.77247222501, 1.44171923656
5.46431421083, 1.12987332557
3.30285786448, 1.49673036056
4.04091254882, 1.35285634233
5.30082977737, 0.822956400742
4.83440123334, 0.387578277303
4.68402886248, 0.881134974533
0.177709401709, 0.429350427351
2.68943774872, 1.02831893121
3.91319065191, 1.7636096761
3.79891124438, 1.44871334333
6.18394308036, 1.01436383929
4.32863271162, 1.60028192253
5.42267596081, 0.238546345139
4.20699293155, 0.963861607143
4.08479902227, 1.32217490494
4.43184305151, 1.42888969874
4.79762411972, 1.43063952465
3.91579296482, 1.11588944724
2.62944759494, 1.41614379747
1.10624330357, 0.518457589286
2.88921747805, 1.71974780527
3.37255671393, 1.23233924103
2.57308998946, 0.787922444679
1.4862194745, 0.337732612056
2.83202861953, 0.912280808081
3.11431438792, 1.06415355061
0.727691722484, 0.174205077317
4.47980044346, 0.724109050595
3.62319864177, 0.586537351443
4.53503566334, 0.672928673324
4.33768249381, 1.31017464905
0.0, 0.0
3.02169789397, 1.03025272331
2.78129567357, 1.74480172237
5.88928224101, 0.778016913319
4.40685465116, 0.8196897463
3.29528736462, 0.534844043321
2.45438367844, 1.16141169306
2.20872836167, 1.94387905719
3.21888075033, 2.06552746762
6.31369872538, 0.981816917729
6.13741271161, 0.689667953668
0.523641362074, 0.147761324586
0.531083218342, 0.1874776563
2.18140483319, 2.17697219846
4.7238178771, 1.04387932961
3.29257388999, 1.07353015242
2.89087392326, 2.23566718872
0.834016336056, 1.9248899261
2.66400650118, 1.05416016548
3.43354967186, 2.1424585726
6.30704132587, 0.928659922514
2.21432959815, 2.26404327666
5.20217241113, 1.18723879444
2.10887801484, 0.126780612245
4.73442100457, 1.67101369863
2.67704925776, 1.03321120108
3.8078245614, 1.2335942029
3.30680237154, 1.00200098814
3.74056342495, 1.37477008457
2.12194600939, 0.731077464789
3.78991893408, 0.683747265077
0.797663653875, 0.151830345236
5.69224672897, 0.901671495327
3.89034061794, 0.162537302185
0.207806923817, 0.0506995672615
6.47348412698, 0.894164285714
2.28887654321, 0.634874364561
2.93482825485, 0.513594875346
3.14730425622, 1.03076148335
4.84603059361, 0.882292237443
3.22125281532, 1.67646959459
5.18083169067, 0.732230098559
3.17444769086, 0.69428934967
2.52351411936, 2.39937816594
0.0, 0.0
3.27045243283, 1.00716775599
6.57235547356, 0.971140221402
5.29389158345, 0.739570256776
5.88001166748, 1.72668351969
5.68628772089, 0.811165382873
2.84745101449, 0.961566956522
3.44145746634, 0.925165544676
3.85986353853, 1.67949677142
4.74644460028, 1.29356100982
2.65495387608, 0.553340372326
3.58626400679, 0.211697792869
3.4817645933, 1.50100813397
4.09231007514, 1.13993186475
4.56299123128, 1.55111033979
1.28807626076, 2.15719188192
3.66641257537, 0.972577950043
5.7265252771, 0.467500405515
3.63064562864, 1.38823663614
5.55052390852, 0.985908523909
3.14201628664, 0.833087947883
2.12164365672, 1.3914142773
3.01292884052, 0.869265383005
4.3192578356, 0.700762270846
3.71510701107, 2.74205166052
6.00936219402, 2.16912466002
5.15490248227, 0.776906619385
2.84802095043, 1.66734900358
3.37929243306, 1.30578812573
3.68058478146, 1.71052777778
5.60938123953, 1.08404924623
0.0, 0.0
2.5817699115, 0.586180309735
5.20158268482, 0.606272373541
3.47724091627, 0.940342812006
3.36801678082, 0.707569863014
4.74431661601, 1.02833839919
3.54066050119, 0.245288186158
3.71874533107, 0.909651952462
4.56652324324, 0.944153430353
5.46204147764, 0.178350615684
4.51256697332, 0.931205151794
6.19828068182, 1.25810909091
0.0, 0.0
2.92086670354, 1.34434236726
5.31604573805, 0.740634095634
3.43009668172, 0.882322619875
3.96818392581, 1.12558964451
2.93576307364, 1.1691339381
2.28612357373, 1.53019375673
0.746079976127, 0.349837511191
3.09078656686, 1.09274974712
3.42645131376, 1.10191550747
6.11303476246, 0.863553881808
1.95265566714, 1.66309182209
0.0, 0.0
2.82130588568, 1.06296321449
3.23546638947, 1.64495772696
3.08731663007, 1.18674525853
3.28820686456, 0.737218923933
4.1223893401, 1.27855329949
3.91344552215, 1.36034448755
6.08845640474, 1.00007750269
3.56857470611, 1.41549696625
4.73644192478, 0.673360619469
5.55191116544, 0.814035044825
2.37715568369, 1.03938665568
4.02203196635, 2.04948194883
4.3772993763, 1.07700675676
3.45408775253, 1.22842392677
2.25673415133, 1.25026584867
4.65586616415, 0.948866834171
3.74084242133, 1.65348330531
4.08439260739, 0.629616716617
3.05949082569, 1.1128774574
4.61566084093, 1.29785790274
3.92511445987, 1.0410761937
2.30974861996, 0.678416135881
3.53580811594, 1.95864695652
2.17333525678, 0.512919215234
4.06005312744, 2.08410497981
6.97038427217, 1.44449525934
3.21852228303, 2.68239394203
6.06227414678, 0.85331697524
2.96302681, 1.50808055951
6.74457533077, 1.00328828188
5.750390936, 1.22480146984
4.1531632487, 0.398962402344
4.98290877206, 0.946924631162
0.0272836354962, 0.0289462070611
7.00292539842, 1.67656104907
3.63528748645, 2.07898952186
2.36673727167, 0.851989895064
4.09651992586, 1.22440737308
4.29645792705, 1.32670803375
4.78861328983, 2.04562841187
4.74355927142, 1.60841357385
5.54019179916, 1.27829246862
6.30395776433, 1.4462950031
3.21462790847, 1.55189859624
4.10345907349, 3.48705956113
2.88580690364, 0.515118408146
5.46677841802, 1.84992317094
4.46431038811, 1.7195702164
1.83147149816, 0.184772470159
6.87894135006, 1.51973687446
6.7125355377, 1.93055933251
1.13905496767, 2.95916666667
5.05614709792, 2.66782454586
5.70781652834, 3.02593766555
2.96100052383, 0.334400209534
6.49233702202, 2.11147200614
3.20717405448, 1.64185709032
3.28287277015, 1.89640472499
7.08244926488, 1.3939897164
0.723784292799, 0.116200640342
3.82147132316, 0.961144721757
4.28654170656, 2.23032892143
4.02339165458, 1.99367262768
4.7784673578, 1.51878957691
4.43808857334, 3.06735240201
5.11493842365, 1.1971734789
1.38979927952, 0.428356969835
4.58453431153, 1.31303599654
6.76311278747, 1.63243700561
3.71860227076, 0.493302998787
5.82874424012, 3.01794927077
1.55784923637, 3.66205688665
5.66911048306, 1.92533561415
4.5395362402, 2.13047236565
3.83354716739, 1.52298641374
0.482283665966, 0.141384390256
3.22548647854, 2.13528218695
3.97662626116, 2.47382666763
7.79715777369, 1.3180124195
6.89497288612, 0.548146214099
0.581089082384, 0.309685197589
3.70496178718, 1.76196355085
6.30740411286, 2.34386417982
4.02979039271, 1.72187660492
0.25160407974, 0.358377375985
7.9724021793, 1.6682524352
0.800687653036, 0.208103895723
4.09145965852, 2.04732005357
4.54665327498, 2.33469330655
5.46445742568, 2.30465337867
4.93163401507, 1.29134768568
0.370802675585, 0.0188963210702
7.62772870056, 1.94093403423
2.91296833977, 2.89235057915
5.19640863158, 2.26975026316
5.77833395464, 1.15053681267
0.00580787589499, 0.00968556085919
3.43144120505, 3.62827405248
3.34790284757, 2.98037018425
5.00289918888, 2.25869235226
2.43147594278, 0.341583875163
0.309393162393, 0.368829059829
8.02084510358, 1.11417467043
4.60392205638, 0.267160862355
3.64562131097, 1.75201242622
3.66552758402, 2.09195307546
6.83966294643, 1.20801674107
6.41608747045, 2.25669444444
5.19761074705, 0.563173001311
5.17549805448, 4.09432101167
8.70558478393, 0.923144856969
7.22702183735, 1.97212725904
7.57769358974, 0.954876923077
1.3992234957, 3.26297421204
7.41775517731, 1.90089219858
6.25070156544, 2.36473231058
6.16256066614, 2.88952603754
4.15398741007, 1.72717356115
4.22329279279, 1.00749565082
7.11534358974, 1.17906666667
6.62769179229, 0.354420435511
3.73231700826, 2.07070740288
2.74105220754, 2.88195713825
4.84728564857, 1.60672401104
1.59257605985, 0.252953034081
4.44003943045, 1.08871522453
4.46169246231, 2.1344080402
4.96406580035, 1.61570821028
3.92443029491, 0.320305630027
7.87396928747, 1.91713267813
4.32598308072, 1.69707384561
5.29079518072, 0.528950468541
5.21844091412, 2.5517709178
6.68450493827, 0.846083514887
4.35972260811, 1.23839233699
1.78026849315, 2.57461506849
4.70705419847, 2.82483664122
3.71522720247, 1.89217774343
6.68688184615, 1.74906215385
4.95316164659, 1.72359839357
4.94486423135, 2.26289284627
7.76009404164, 1.74589375449
8.8026244204, 1.21310355487
6.36616460587, 2.82136862442
4.68585412899, 1.66591500904
8.54823471883, 4.05852241239
8.48604910714, 2.42334375
2.4798245614, 3.22628070175
8.62029518072, 0.183462349398
2.18977205882, 1.07621519608
7.84987293128, 2.50270126227
7.4723002681, 2.11939812332
8.35567888612, 3.81858935993
8.91458941606, 1.19925
8.3726232493, 2.73627310924
3.02568221751, 2.15015358982
7.22831994645, 2.81165327979
6.86551877133, 4.05914789534
1.16424953642, 1.05386556291
4.46410266535, 2.83237314906
6.19558136594, 1.77709907251
3.76746120689, 0.268238505747
4.24512563452, 3.00295241117
7.89126325411, 0.489450639854
5.63621226131, 2.14061876047
9.60680648649, 2.22313180873
7.3875522771, 3.29855805003
4.75614716107, 0.326418308227
5.86260387513, 2.50219913886
4.76292547425, 2.15576626016
7.02855388181, 2.153599073
7.56269140127, 2.49707302093
7.32929260935, 1.33304072398
2.94996903857, 0.98907115698
7.94917447009, 2.22948704663
4.91580952585, 3.26104998927
1.2142415773, 0.407979397112
8.82834185419, 2.76793564356
6.90318701893, 1.78974412315
8.33143974087, 2.66455936558
7.25464755897, 1.04248491498
9.61848789478, 1.80393147357
11.1011099564, 1.80658984244
7.68347284407, 0.568722990072
7.77885816322, 1.81624438975
8.69550204157, 1.92532108389
9.54595641175, 2.03451595641
10.2505110007, 1.67106813343
0.0, 0.0
8.57925400478, 1.35159235945
6.08242455243, 2.57279795396
7.39437377162, 1.75948853514
5.90476728462, 2.5686172301
6.24987670514, 2.32166710388
0.758690540964, 0.0477706880348
3.94478520115, 1.15613685345
0.0, 0.0
10.930931483, 1.93177954375
8.43521455512, 2.06117757992
5.56242420729, 2.0822190018
3.60291411789, 1.74192284128
6.84614012955, 1.47466610597
9.16110884764, 1.49987777253
0.0, 0.0
8.93278308009, 0.967922424983
8.96704934118, 1.99314129521
2.11881872222, 0.4964207144
6.2237577029, 2.45042480661
6.56306469298, 1.36958424708
9.70978733032, 1.88184162896
8.28525853104, 3.0259549089
9.9982002558, 1.49650831354
5.09165789222, 2.25932516512
3.35804274563, 0.729120323015
5.53301336381, 2.27130717709
5.04253887655, 2.34033957474
12.2947322135, 2.66640962449
3.14489782908, 1.07022484493
13.7573447317, 1.95204436985
10.7748996947, 1.21137836027
9.05698625277, 2.2016
0.548707825422, 0.0955654120831
3.95507163324, 3.13661589504
9.75762684668, 2.25805510983
10.1503925578, 2.56052954406
4.84989403326, 3.17490218455
6.01823897, 2.64315128551
5.46299717248, 2.41906503299
5.5642552504, 0.387108239095
5.74471961071, 1.95776286988
6.95826536377, 1.17860905413
2.95981646565, 0.240849501835
8.4483307822, 1.38702166299
5.9814504127, 2.25467619048
6.95579502256, 2.98673272847
11.1692214348, 1.80755080527
4.60137446359, 3.52158032216
7.00353563954, 2.91677828389
4.35949335063, 1.53271229322
8.70693266332, 1.45500502513
4.90427928849, 1.7268615825
6.54745370515, 1.37441641861
7.96325269753, 5.06782283328
3.77446562896, 1.26863484025
8.27824177366, 2.3686444959
8.76997067955, 1.63720248362
14.2414905922, 2.06523888268
8.88016424033, 1.14120485804
8.77817907583, 0.727241190182
7.53586200396, 1.32414270902
3.99337214235, 1.18136177233
5.27700682057, 0.415915005247
6.05291918042, 3.71245930563
7.45116472798, 3.19196084098
6.93996771958, 0.635647442429
0.547326807229, 0.472936746988
5.95441972661, 1.63556285178
8.63260945709, 2.03881494454
11.8793752693, 1.75433520034
10.3298435155, 2.60125632331
3.33533201959, 0.530023886301
4.19171156463, 0.900529251701
1.90195417504, 0.122774367658
6.48657597877, 3.33940218375
0.657745098039, 4.4840447461
5.92155469707, 2.12853670027
4.08273451531, 1.6579834216
7.5589416037, 1.8841873133
3.46695401294, 0.0766751180276
6.53412921348, 1.62531002913
8.82331975867, 0.318797888386
7.34388023116, 2.60491204674
8.05253093786, 2.82345440394
5.04293492063, 1.88535238095
3.9588662094, 1.96251797372
8.41513496704, 1.47481029979
4.22265162783, 0.604946289869
10.2299136948, 1.23830372531
7.17624442696, 0.479160765801
6.22761288787, 1.09640901516
9.24185843962, 1.17435884178
6.34210835267, 2.36364385151
8.18364408543, 2.1152794342
4.61075787747, 0.266304908047
4.66733349043, 0.679155434065
3.4100971254, 0.670986136132
4.66924894305, 1.5188721711
4.34500878317, 1.31380738736
6.36312734551, 1.14401501126
5.04683908464, 1.25021431166
3.32715976331, 2.52086077928
6.14265286204, 1.49102988281
6.39317026341, 2.16310536338
6.90286680066, 0.784419879408
7.0590304734, 0.740703984356
3.98053283709, 2.13950720814
6.60113679186, 1.18874136415
0.0140348525469, 0.243250670241
2.85537630086, 0.629301889321
2.67907514899, 0.960461614416
4.4944096235, 2.47031307608
5.18021251162, 1.14696188073
4.9372666543, 1.86990536278
5.81344216418, 1.68200373134
3.76849236641, 1.89885114504
6.98641756429, 1.54099829923
8.91737879292, 2.35378555487
6.06654387395, 1.36815756588
4.82843018991, 2.84169369957
0.0, 0.0
7.45198239322, 1.20386615585
6.0715542155, 1.34068267152
3.86026099615, 1.59656753665
3.33140344264, 2.44868702098
6.90630470016, 1.65978854924
5.31020544886, 1.1646181331
1.17320883534, 0.316907630522
6.28892834921, 0.920587278036
9.55703025509, 0.959103223255
3.11279163016, 1.28934092594
8.33975673085, 0.968171686506
4.74860477314, 2.04361220386
3.13528927241, 2.21386252206
6.83706007745, 1.00997806642
5.00785387403, 1.7367428511
4.20512144746, 1.49651685393
5.35642041763, 0.986681206497
2.33780870061, 0.974299012158
7.00308458409, 1.49082620283
5.88597622287, 1.5046800142
5.12979164073, 2.32723655862
8.77954353111, 0.898340686054
5.28715365079, 1.25681439153
6.52688998756, 1.22944807214
5.45283080985, 2.00020221264
4.0821248938, 0.814379779099
0.0, 0.0
6.15980260075, 2.26560625586
5.12286082474, 1.3659606373
3.94746719909, 1.71031863744
4.48914768731, 2.0192466865
4.82553867465, 3.01383976049
6.18939789991, 0.959409070599
0.0, 0.0
4.55585657858, 1.57427722833
6.50616186149, 1.21559542463
6.83539644086, 1.0564503265
4.71667968057, 1.40731144632
2.24034947368, 2.83088631579
4.60828577961, 1.89526748971
5.06880506993, 0.583923951049
5.634664042, 0.301484251969
4.25037063492, 2.53059365079
7.10371315914, 0.518426603325
3.76080458793, 1.642144435
6.59628815937, 2.20286251403
6.40428833552, 1.2219750983
5.29275857339, 0.886318930041
6.32237413793, 0.908939655172
4.3119639866, 1.2196440536
6.45221733108, 1.39568570109
5.283796875, 0.879063577586
3.58195692308, 0.479566153846
2.487303407, 1.08065837937
3.53779288136, 1.68317830508
3.74084282079, 1.79400799709
5.57741853234, 1.71712002488
5.16533608247, 1.40955824742
2.01684012066, 1.77620512821
7.57805406033, 1.26935150812
4.8304518028, 1.0757615894
5.76361673152, 1.28259192607
6.30943803279, 1.64138852459
5.47711787493, 0.600163807416
5.33441824722, 2.1603324068
3.81345603015, 2.18370854271
5.5115, 1.47578440367
6.23423731139, 0.515204389575
2.87773650794, 0.741242063492
0.0, 0.0
5.95062184189, 1.01955378973
8.98331511018, 0.35709181532
1.4245562249, 0.183624497992
5.33085844551, 1.09863395571
0.0, 0.0
6.19089855846, 1.87100694074
5.6704861809, 1.22730527638
4.40741860465, 1.68219878184
7.27357552083, 0.752352864583
4.44552871391, 1.42055013123
6.98673889876, 0.154284191829
3.99527932961, 1.26772960894
4.42428499581, 1.36805029338
3.24116931034, 1.50675
5.62606653019, 1.30272569089
4.01742175439, 1.61940350877
4.42987601958, 1.99625394236
2.97416351744, 0.0741591569767
2.98661005291, 0.650239153439
6.09356935271, 1.36432056363
2.26617522412, 0.295171149144
4.85902887139, 0.634643044619
4.56755614428, 1.89130385164
4.17095358779, 1.83596793893
6.31971808511, 0.363567375886
4.38023301724, 3.09434288793
7.12764629488, 1.51990221543
7.80532400589, 1.41475110457
0.0, 0.0
3.3615567911, 1.89772915012
6.79670826913, 0.411499743195
5.14191357143, 1.7642475
3.97867970578, 2.31453460381
6.94018888406, 1.3308154581
0.0, 0.0
2.58102570829, 0.462967471144
6.90756039326, 1.52155758427
5.52400637567, 1.7167930358
4.52955186972, 2.08389324487
2.94520058852, 1.85111819519
7.48426690821, 1.43768115942
5.55325234899, 0.310853691275
6.41322909294, 2.23485546657
6.77278091529, 1.13431840312
1.15549430524, 1.0468001139
7.41176230046, 2.13321123989
8.96984444444, 1.30012619048
0.0, 0.0
3.10601417467, 2.11680475537
0.0, 0.0
10.930931483, 1.93177954375
8.43521455512, 2.06117757992
5.56242420729, 2.0822190018
3.60291411789, 1.74192284128
6.84614012955, 1.47466610597
9.16110884764, 1.49987777253
0.0, 0.0
8.93278308009, 0.967922424983
8.96704934118, 1.99314129521
2.11881872222, 0.4964207144
6.2237577029, 2.45042480661
6.56306469298, 1.36958424708
9.70978733032, 1.88184162896
8.28525853104, 3.0259549089
9.9982002558, 1.49650831354
5.09165789222, 2.25932516512
3.35804274563, 0.729120323015
5.53301336381, 2.27130717709
5.04253887655, 2.34033957474
12.2947322135, 2.66640962449
3.14489782908, 1.07022484493
13.7573447317, 1.95204436985
10.7748996947, 1.21137836027
9.05698625277, 2.2016
0.548707825422, 0.0955654120831
3.95507163324, 3.13661589504
9.75762684668, 2.25805510983
10.1503925578, 2.56052954406
4.84989403326, 3.17490218455
6.01823897, 2.64315128551
5.46299717248, 2.41906503299
5.5642552504, 0.387108239095
5.74471961071, 1.95776286988
0.0, 0.0
5.8562532473, 3.12627084555
4.85030518896, 1.15557625975
9.01581720898, 1.19510296771
7.0339030977, 1.34981890389
6.14341438646, 2.51260423131
7.16267703913, 1.64313107025
10.9263088106, 1.16354845815
5.61780907294, 1.20288431888
9.06614834816, 1.52249682338
9.58838685015, 1.91996056655
8.66353353915, 0.344253438114
9.17682866824, 1.35800120689
10.4834565587, 2.00939363759
0.0, 0.0
9.92206854022, 2.50010659854
6.01162586207, 1.69845517241
8.29011434016, 1.89341908845
5.43560677328, 1.77123549702
0.786208576998, 0.53258097166
6.43418381175, 0.151862757176
4.76198624304, 0.97947966871
6.76968131246, 0.83491797096
5.55909325619, 3.1400973622
8.46099328758, 1.11216305905
7.98168899685, 1.07421831708
7.899259096, 2.77546166627
1.7725301366, 0.238187958737
2.07497052403, 0.513090785334
6.61792137702, 0.916358817142
4.73381549145, 2.19303079469
3.69318055187, 3.08058569912
7.18464414414, 1.04843153153
8.1292488035, 1.75734410765
6.92755416606, 2.02264286753
7.90837950782, 1.73039777124
0.0, 0.0
4.41232724182, 4.20466213345
9.16176868656, 1.10202822209
7.97887123888, 2.30961997586
7.5072776261, 1.79311610864
7.26040157674, 1.18199310175
0.0, 0.0
6.12347723785, 1.95507723785
6.73043757073, 1.60408273607
7.70608716585, 1.7490960046
6.85348985277, 1.83733651678
8.12729759386, 1.08419938867
0.810289837476, 0.298034100567
3.119357946, 0.989211409545
10.0905592281, 1.62754547321
4.44316933932, 1.078822322
1.32179741379, 3.29747701149
2.35975588235, 3.07883088235
5.3014797219, 2.04311355736
4.96403042253, 1.77027380282
7.07962277092, 0.516625514403
9.57233451597, 1.33198428789
9.31322793792, 1.62954855876
3.90933017241, 1.22473275862
9.67908425414, 2.46099263352
7.02594436997, 2.89594235925
7.92523489933, 0.515561521253
5.01882724868, 3.08432539683
6.64082721893, 0.985456804733
3.67341536965, 2.69244941634
5.00418101368, 2.77550683829
4.84331761443, 1.64963314841
1.16215545244, 3.79163109049
7.39882398317, 1.88063464236
8.2110844058, 1.62163130435
0.0, 0.0
8.23812066116, 1.86620743802
2.86725464037, 0.526800464037
0.607429545454, 0.198840909091
5.14178941799, 2.0146042328
9.30219271642, 1.27543641791
6.97783338653, 1.78156782636
8.75183452502, 0.962771195097
2.53764482502, 1.04182352941
5.84505548854, 2.37850060314
6.06194168901, 3.69195442359
7.54513174603, 1.47823492063
4.86379899498, 1.54983919598
4.79557068966, 2.91414655172
6.11312758621, 2.02837068966
6.9117378768, 1.02351769332
5.37269206349, 1.79902539683
5.23823275862, 1.95688949843
6.05132736473, 3.42321876216
13.1130442623, 1.51953651267
6.30864915475, 1.78550403121
6.92181762712, 3.27240338983
9.39796347403, 3.32367884199
5.32501465517, 3.01672844828
6.76686597104, 2.61203562112
6.52406053459, 1.46497641509
5.45820778504, 3.08541087697
2.91734692728, 0.681620571171
7.63869707655, 1.37629329532
5.84246059727, 1.66426519237
4.84385184122, 2.6479678415
8.07282385195, 0.986500342701
2.35696017537, 3.2364148703
0.0, 0.0
7.245671738, 1.92897434382
6.89038693467, 2.87373743719
7.61207763511, 1.00634308749
5.88117866787, 4.66493519352
7.46145442359, 0.871044235925
4.46851022605, 3.42845748116
4.66531757576, 0.874764242424
7.46315078408, 0.928092882992
5.36666016713, 1.85054224698
8.11819988512, 0.385853532453
6.97470274636, 2.89142864836
6.46209687034, 3.14168852459
7.01958794588, 1.34352521525
5.40233307573, 1.86582534776
2.69704436557, 0.24197515528
8.24175391753, 2.39872525773
5.24327885986, 2.21795771971
4.6058267148, 2.70733728726
9.23508841431, 2.25008809397
4.95981967213, 2.21929098361
3.54114007782, 2.4272422179
3.49080384088, 0.220593964335
5.55248706896, 1.01945581897
6.90485603448, 0.914667241379
7.26002865762, 1.35857466063
6.16898535272, 1.32097469036
7.5059900806, 2.65841909485
2.79525460636, 3.66172864321
5.43059859649, 2.99157894737
5.39078704525, 0.19001863354
0.0, 0.0
9.94920670391, 1.05307932961
6.27191985294, 0.433214705882
0.0, 0.0
8.14302039082, 2.15712149533
6.32661961207, 1.01927693965
4.73379716981, 1.93113773585
4.65786924119, 3.3299397019
4.67743103937, 1.39672330784
6.77262825789, 1.01748285322
0.0, 0.0
7.24272238372, 0.960049418605
8.94575088715, 1.30235557133
5.16693201754, 0.360473684211
2.87055555556, 2.27761587302
7.90037254902, 1.20157466063
8.14829346734, 1.27309045226
5.29022328042, 0.572741798942
5.1087811284, 1.17344552529
8.8500435876, 1.02187259011
4.00402298851, 2.5316637931
3.0458323062, 2.95044437236
7.59268449198, 2.16269747899
2.78958660229, 1.18444538322
3.8704758567, 0.61943029595
4.05025025571, 1.51223729969
5.98218164676, 0.899021370207
6.07856001063, 2.83008162723
0.0, 0.0
5.01055059711, 2.50058390949
5.68107793633, 1.01760702525
7.43686108007, 2.3974424581
2.39936853448, 0.178558189655
0.0, 0.0
5.21203833145, 1.26619391206
3.73473149742, 4.27415146299
7.72514426407, 1.52224485931
4.16716553067, 2.54351703992
7.11583360522, 2.22733564437
7.30076, 2.0858
0.0, 0.0
7.80610948276, 1.69033275862
4.98593909192, 1.673946567
4.82395475966, 1.75167577757
5.13707210031, 2.65442711599
3.78613528336, 1.73894149909
3.19530258621, 2.20753275862
5.83227676139, 2.70433476061
8.04079486699, 0.923357087363
5.41377523481, 0.422375760193
4.76988335402, 1.69098883177
5.49373262296, 0.376886307918
5.95443677796, 2.93217648769
4.67244281577, 0.364353685206
2.38419086811, 2.63253826798
4.7283801887, 1.49241191893
4.39578540947, 1.92386032649
6.3212140915, 0.85637900461
3.47220582121, 2.27864137214
0.435098039216, 0.361983408748
5.15302902226, 1.86535981967
9.92631551126, 2.37369390452
8.2834213171, 1.84520276661
7.8241157181, 2.66929754221
5.73537263726, 1.23046624662
5.47630381679, 1.96990687023
1.57279031614, 0.368424599832
3.79477102347, 1.84040987614
4.98812045086, 2.54300087344
10.7942474114, 0.497348641735
3.89543523859, 0.478851599371
8.06821907382, 1.95475967449
0.0, 0.0
5.70996553647, 2.08640514926
5.61303931072, 1.05967043619
2.76601595625, 1.45634729193
9.28364115242, 3.29926345216
4.82684657534, 1.5606260274
6.62910251017, 0.228663581545
5.5626587534, 2.36139337767
0.490766792453, 0.0522037735849
6.19354329596, 1.94246961274
9.05297450913, 1.76579745091
8.2592950187, 0.895253286696
7.73992932633, 2.91107177592
6.68857248677, 1.3942957672
7.72066674874, 3.15647667118
4.40479362985, 1.28510459857
6.8795470875, 0.91967282525
2.12664001122, 1.18899878414
6.21492493335, 2.17566577803
7.46048134529, 1.59412800066
4.44547622893, 1.50759651106
1.48210399357, 2.64357812919
4.51879846074, 2.36034748148
7.43421056807, 0.825954458902
2.94177510895, 1.63887149083
7.71308586468, 1.34552856673
4.43159567779, 2.56271232622
4.85497496586, 1.3158386436
4.64077372538, 1.5446640279
7.6592053779, 2.99936922787
7.3602442672, 1.68870289133
6.67531668332, 3.39237651238
7.33830703144, 1.9158548623
7.37176921504, 1.00416598528
4.3727496428, 2.81052548023
7.82137625549, 2.5534986671
9.18203147084, 1.91835202111
7.71657169596, 0.55465529791
1.18844342332, 1.36648190695
6.78164935875, 1.79271265165
7.16176723916, 2.65231308153
4.63748265629, 2.43586892006
6.05457049715, 1.96550366748
6.42956734269, 2.01442797712
8.26328357532, 1.81890834846
1.6954904271, 2.48352724595
5.61541708543, 1.28432160804
5.28422466793, 3.34024098672
5.14716008772, 0.913417763158
11.1112596525, 0.620728281853
7.7573884993, 1.53771669004
0.0, 0.0
7.1101343127, 1.67891657922
7.09673531715, 1.45926938136
3.84204717711, 1.9899199536
5.02474177468, 0.911977567298
5.64861466459, 2.79549401976
8.9274969157, 0.977732008225
5.84681789883, 2.21873759728
4.31469770492, 3.83060262295
8.42041496861, 2.29787204249
9.03029511165, 2.24232890766
4.63097664234, 3.21232457421
5.8705769577, 3.49135913591
3.92846148484, 3.87878006274
7.97067653509, 1.35713048246
4.16244906216, 0.9776472968
5.60739120715, 2.39813338301
8.96101702413, 1.41451608579
6.35330592105, 1.5798870614
7.9461863162, 2.40374719753
4.78917353579, 2.16881127983
8.29681183432, 0.534740828402
8.22218620357, 1.73972021225
9.41953614079, 2.61289503457
1.85273458647, 1.06460150376
9.77613375486, 2.75868968872
8.4916096984, 2.72363157895
6.28013235294, 0.408482352941
8.50859171088, 1.7050464191
7.88680528432, 2.85587880528
7.24191689008, 0.491957104558
4.81234397163, 2.58045626478
5.62946934673, 1.64168944724
6.23234661792, 1.8207282145
4.01217873563, 1.65793821839
5.75460265975, 3.53925008109
9.16834793846, 3.17015876923
5.16005522515, 1.33852166525
5.96554693878, 2.8635170068
6.8903505535, 1.33838868389
6.33461694915, 1.90520338983
8.38981075269, 1.24263739546
4.86482871126, 0.61515497553
7.20551200447, 2.76778950307
3.83187951807, 0.31759939759
8.46977718872, 2.11694941634
9.68986668729, 1.87172007423
7.45763960546, 1.9930447648
2.58581626928, 3.26209116409
5.07696809339, 2.45623774319
1.94260699797, 0.759689655172
4.00510796724, 1.57907967238
6.15382199882, 2.43945771733
0.0, 0.0
5.38679496669, 4.1437938564
5.62306746032, 3.63910238095
7.07833030518, 1.31369198013
7.45202989856, 1.47610678057
5.98041263058, 2.13701234568
6.03214617169, 3.4317900232
7.44494580277, 2.23796210269
6.39498558322, 1.34840235911
7.29346188069, 2.55683181665
9.40785746606, 1.16323227753
0.0, 0.0
6.64718755847, 3.10902245089
2.22767241379, 2.70132183908
0.0, 0.0
5.78060737527, 3.45020780911
7.35337424547, 1.45142454728
7.37858176944, 0.917872654156
7.6042391696, 1.96211985899
7.45522266935, 1.93859557344
5.21663712267, 2.33185292229
4.27469424965, 3.12313464236
5.76408055452, 1.68064106407
4.52518089054, 1.16510667904
7.19093629505, 0.704891869237
7.1875862069, 1.31757183908
5.61973993835, 0.998239542052
9.09411745862, 3.34340950347
3.92776923077, 0.122595317726
4.19011758475, 2.13223516949
4.60196177062, 2.1108390342
10.7113658052, 1.23637839629
2.87945769764, 0.611321081831
7.71892446556, 2.14905748219
12.4796895588, 0.549588235294
7.58309976341, 2.74045583596
1.53322638436, 3.927747557
5.51752342342, 3.78028198198
2.44678885481, 1.5714105317
7.36694360656, 0.910047213115
4.25848855756, 4.16003467406
7.13603800786, 1.25639842726
7.77275454545, 1.55309669421
3.72991793188, 0.495850225687
4.97801819923, 1.55252586207
3.20553050034, 3.88881151474
6.17566480447, 2.51677930249
7.64606945116, 1.34595710369
0.295921884407, 0.261475015051
5.33239972217, 1.45864270417
0.748151379437, 0.306575350433
3.47936006826, 3.3310907281
4.65293607225, 2.12219408536
8.04799872512, 0.659334938735
3.57754474455, 0.536840221282
6.89266232394, 2.15839190141
5.39705273296, 1.96201220002
6.11559266361, 2.14858715823
7.8155489566, 1.6537981532
7.67915791684, 2.27019039619
4.62799247334, 2.59666234581
4.90942501345, 2.42997924514
2.5748525273, 0.450444106721
5.42135210763, 2.41979628842
3.48052888915, 0.735436169578
0.954181696514, 0.88502549232
7.59338365332, 2.4111287489
6.3844017666, 1.29452087794
0.0, 0.0
5.29793523014, 1.91020770602
5.50358297872, 1.84141800327
1.85229911891, 3.70478575194
4.84510785076, 1.26313155849
5.77344532327, 4.51988534939
12.8580275155, 1.90711901661
2.51856202933, 3.29572175981
9.50851589225, 2.79141679939
0.0, 0.0
10.5472163063, 2.37188232763
3.4495437288, 0.770156252637
8.75437550888, 1.85686044618
6.55660969011, 3.90221716675
6.6698085706, 1.7028432611
0.119953903075, 0.547427265927
4.49070385299, 1.15370086248
7.63162016487, 0.660776791376
6.11179673742, 1.17644499027
8.84508193963, 2.81004273648
6.38412931854, 3.73071104068
4.45634731207, 3.91335378095
0.718745957289, 0.45410430811
9.29033340503, 1.85546855955
10.3978498083, 3.03716182913
9.33081120912, 1.03841006885
7.71674876847, 0.414017515052
6.56005042723, 0.60206331419
5.28101841328, 1.77740850193
4.5908575008, 3.44505171127
7.50623253429, 1.0837584925
4.82648314796, 2.41546511628
6.15359177526, 1.62509134962
6.27206176522, 1.90719775399
4.3059069855, 2.4345904726
3.9072238351, 0.852858179707
6.57791204099, 1.67567985577
6.17839527531, 1.45204199726
6.77547925302, 1.99794453228
1.3837115247, 0.151059413028
8.63911555609, 1.03335703097
2.50833052141, 1.65414718406
2.76635332786, 0.514118323747
0.0, 0.0
6.27715612993, 1.56447782047
3.03516631361, 1.41025090618
6.54769589637, 2.23338164689
8.17093830671, 1.34056455535
9.61876232202, 1.59960934648
1.09884993545, 1.07685172311
7.66674849364, 1.56399241241
5.66937703142, 2.85897007042
0.0, 0.0
3.90978003266, 2.72564808335
6.30457558183, 2.22408940273
5.61181188838, 0.365880090594
4.56029931699, 2.50897850542
9.59126825127, 1.82157809847
5.59185689179, 0.917678885262
4.26593050679, 1.60973271841
5.04463260842, 1.67411101102
7.69919035847, 1.62644854759
2.32954651971, 0.394098575953
3.07340231891, 1.18413788804
7.04065506968, 1.47085059754
5.50224557957, 1.98271381794
6.5332675972, 1.8276836433
7.74763020461, 1.51927688694
8.0325790795, 1.60374058577
6.74804190534, 0.699035272837
3.39593416477, 1.55902638045
9.98146642699, 0.821436325826
1.23680126528, 0.164591843376
3.09430612936, 1.92286352861
5.05041565756, 1.98592002253
1.38793944612, 2.9260252547
2.21593937535, 0.810525431414
9.55356965174, 1.21890929966
0.0, 0.0
7.45280713955, 1.7857904497
9.79099712974, 2.2815604669
9.2802900364, 0.300866696997
5.82301590355, 3.88844812107
7.31862732752, 1.48950256364
2.02346290443, 0.20319605096
6.51029156154, 1.0217746005
7.47398074847, 1.18555685498
6.77589752177, 1.67512558607
5.9264476386, 1.56451149235
8.55872132773, 2.1928657916
5.48971091396, 1.63185805156
7.66382954864, 0.517141855901
8.20924052944, 1.02664171611
8.45704724409, 0.469298720472
8.66210344225, 3.03016512319
6.59927608286, 2.14171299435
5.54353186497, 2.04300837289
8.39874924653, 2.24441229656
4.38741005839, 0.356326364036
7.28363561644, 0.886346118722
3.05829452055, 1.17740205479
4.72446093041, 2.33565115978
6.90570544849, 1.82062098501
2.69691026781, 0.510855321672
0.0, 0.0
3.72121221865, 3.55151607717
3.88046954621, 0.76728479802
5.41032135742, 2.22960909377
8.10964759078, 1.55857255484
4.82208883249, 1.2696928934
7.10333855799, 1.29308295153
6.5875418873, 2.09377352342
3.06468960389, 1.99429831789
11.6036050825, 1.46626785383
8.12588127854, 1.9295652968
0.0, 0.0
5.61293685714, 1.406854
8.91874918869, 1.09746499768
0.0, 0.0
6.30336012292, 2.12569554426
6.08710185629, 2.93588944448
5.82648884329, 2.26339958964
9.66756940258, 1.56272883023
7.26793065907, 1.09640482372
5.95997416855, 1.72124744376
7.81844207458, 2.68353116513
11.7815729336, 1.79702395304
8.49413834186, 1.59234424276
6.62960962168, 0.971552327918
6.22503073231, 2.48515132003
0.0, 0.0
3.0422103148, 0.914662871177
0.379078380706, 6.02928509874e-05
9.08131233596, 1.64112860892
11.3087246435, 1.90982124925
5.06037285108, 2.83565974548
1.45321076018, 1.61221856611
2.00068023755, 0.463706701892
7.00362132921, 1.33192890263
0.0, 0.0
9.70761546499, 1.34568201913
6.6312057272, 1.96995252449
7.18572706192, 1.48913697148
7.86198522078, 1.17354383897
2.36555328366, 1.87773661411
6.84058129724, 1.25351415011
6.15263535386, 2.24541478896
2.20820800395, 0.49542687747
7.04402883355, 1.40219134993
4.39207464115, 2.13533205742
4.64803360371, 1.34962920046
5.38967604328, 1.24258887172
8.45363833076, 1.19210200927
4.8735292599, 2.47936746988
3.40726592124, 2.29359795819
5.91669254341, 1.55170684372
3.51227674314, 0.764753036437
9.48068439717, 0.191992907801
6.11554477938, 1.8126692879
3.55664274194, 1.65166199158
7.24829721362, 1.14521362229
2.82346034816, 3.20322501612
7.39603651395, 2.08862142611
8.07289158086, 2.36562083586
0.755714893617, 1.21470921986
3.44990730012, 3.80839165701
11.6223145286, 0.732307573416
5.40659861077, 2.29546861821
5.62179116466, 1.06716733601
2.16078203184, 0.632252463988
7.75521687877, 1.92704889484
4.1046242505, 0.852178214524
7.4357439759, 0.852792168675
6.87247989276, 1.79767024129
0.0, 0.0
5.23530602866, 1.7247199243
5.17965957447, 2.34786495272
8.59478591288, 1.607442076
6.62554791155, 0.736917690418
5.45446639629, 1.60432850521
0.0, 0.0
5.69707077786, 1.87873861247
5.21122472594, 2.36206333739
5.80117364658, 2.2021072523
4.2353763645, 1.57655339345
5.32120330969, 1.36746926714
0.840204180064, 1.54769453376
4.6527307074, 1.46671945338
5.93668560311, 1.85747373541
8.09356102236, 2.15276397764
10.8655259875, 2.37914137214
0.0, 0.0
6.44608045052, 2.16035076428
8.0755719763, 0.527822237714
4.96775399754, 1.58923247232
7.91560410959, 0.375087671233
8.51226086957, 1.59523562412
2.43775661972, 0.874704225352
8.76793716518, 1.54231361607
7.90503448276, 2.81339008621
6.81008542714, 1.91354396985
7.15706117247, 2.58414698386
5.97383787661, 2.18231779053
5.11651334432, 2.78377660626
1.80583148673, 0.316288714249
8.49300459374, 1.89412604077
6.23319306723, 3.01294222689
6.88438190955, 4.11092390524
8.84758769793, 0.836138855055
6.11408835905, 1.64611079944
7.80225920867, 1.06251954781
9.49748144712, 1.46729684601
4.74177198486, 1.97911898323
9.33223929961, 0.81203696498
8.95498726968, 0.902043551089
5.46947364429, 3.37245620023
4.47091603053, 4.27940839695
8.1785074184, 1.58370820969
4.33230449978, 1.26925644386
4.89709144182, 1.98189080944
1.20300142433, 0.417146468843
4.06323761665, 2.53627207466
2.92257916381, 1.60278135709
4.13521397059, 1.38683676471
4.92046882187, 1.73461488392
2.196107431, 0.962769426752
8.2664465355, 2.50031693755
8.07249265905, 2.94762969005
5.99316899892, 2.72732615716
7.14565918654, 1.60644787284
6.60152441126, 3.34982998277
6.88143718593, 1.73497822446
0.505742765273, 0.734861736334
9.11878793419, 0.2330511883
5.39966863905, 2.8270035503
7.16437997587, 2.75965018094
10.5110905227, 0.599585295807
3.52671780822, 1.29039178082
6.66691603875, 1.55653229279
0.0, 0.0
4.82243744334, 1.58756527652
6.17125819135, 1.31924901704
3.54989441715, 1.39023313979
7.46060862069, 2.49039310345
6.53938988327, 1.60567315175
9.86786381323, 2.17390077821
4.06693580173, 1.65168796656
