16.74303 session normal_0.6_1
16.74303 phrase house with new electrical panel
17.90413 gestureStart
17.90413 pos 0.6036282 0.4955829
18.00365 pos 0.626339 0.498271
18.11995 pos 0.7204138 0.5218943
18.21942 pos 0.8182902 0.5597729
18.31896 pos 0.8556073 0.5981505
18.41854 pos 0.8109288 0.6084238
18.51815 pos 0.7159808 0.5847591
18.6176 pos 0.6157107 0.5686473
18.71717 pos 0.5741985 0.570567
18.81678 pos 0.5718812 0.5667681
18.91637 pos 0.5604005 0.5609611
19.01579 pos 0.4918256 0.5392694
19.11539 pos 0.3692918 0.5164858
19.215 pos 0.2494809 0.5071583
19.31473 pos 0.180296 0.5116246
19.41403 pos 0.1794553 0.5208616
19.51384 pos 0.2287198 0.5642037
19.61317 pos 0.2618421 0.5895053
19.71278 pos 0.2571707 0.6045968
19.81247 gestureEnd house
20.77448 gestureStart
20.77448 pos 0.2530833 0.5985127
20.87399 pos 0.2519588 0.5978066
20.97352 pos 0.2521212 0.5961791
21.07304 pos 0.3165159 0.5904582
21.17253 pos 0.4539435 0.5900691
21.27205 pos 0.5735608 0.5950058
21.37166 pos 0.6598788 0.6052971
21.47123 pos 0.7207744 0.6052814
21.57068 pos 0.7478133 0.600114
21.6703 pos 0.7497213 0.5891727
21.76972 pos 0.6915773 0.5736709
21.86933 pos 0.6003134 0.5741895
21.96889 pos 0.4962624 0.5739399
22.06838 pos 0.4346928 0.5716993
22.16782 pos 0.4353969 0.5666977
22.26744 pos 0.4848591 0.5500774
22.36697 pos 0.5374075 0.5291967
22.46627 pos 0.5832078 0.5050429
22.56589 pos 0.6146969 0.493622
22.66543 pos 0.620446 0.4925798
22.71549 gestureEnd worth
25.2696 gestureStart
25.2696 pos 0.971571 0.690802
25.33609 nextPage
27.12775 pos 0.9123287 0.3076259
27.17735 delete
28.33861 gestureStart
28.33861 pos 0.1501749 0.5913094
28.43806 pos 0.2124339 0.5861083
28.5376 pos 0.3697021 0.5764743
28.63708 pos 0.5413084 0.5949212
28.73669 pos 0.6732156 0.6120258
28.83613 pos 0.732529 0.6135101
28.93577 pos 0.6775247 0.6007224
29.03519 pos 0.5647026 0.5879722
29.13464 pos 0.4443196 0.5721321
29.23427 pos 0.4193214 0.5611968
29.33374 pos 0.4594213 0.5431847
29.43334 pos 0.5322523 0.512511
29.53291 pos 0.5969234 0.4904747
29.63237 pos 0.6260456 0.4833505
29.73221 pos 0.6292577 0.4819806
29.74874 gestureEnd with
31.17521 gestureStart
31.17521 pos 0.6291792 0.4014615
31.27481 pos 0.5539097 0.4535491
31.37433 pos 0.3975064 0.5288333
31.47386 pos 0.2406014 0.5757519
31.57338 pos 0.1814728 0.5960353
31.67312 pos 0.1853162 0.5962783
31.77234 pos 0.188522 0.5942278
31.82222 gestureEnd new
33.36488 gestureStart
33.36488 pos 0.2992268 0.5838742
33.46439 pos 0.4035076 0.5694748
33.56398 pos 0.5944713 0.5449744
33.6623 pos 0.7764311 0.5331224
33.76294 pos 0.8520059 0.5346525
33.86248 pos 0.8262456 0.5262018
33.96207 pos 0.7341943 0.5319718
34.06153 pos 0.5893645 0.5467038
34.1611 pos 0.4506167 0.5740336
34.26065 pos 0.3344834 0.6095123
34.36013 pos 0.2606487 0.6209736
34.45963 pos 0.2351592 0.613276
34.55921 pos 0.2546261 0.5771641
34.65877 pos 0.3197488 0.5273432
34.75814 pos 0.3722756 0.4624583
34.85768 pos 0.4089251 0.4209045
34.9572 pos 0.4163874 0.4227199
35.05694 pos 0.4474343 0.4713858
35.15629 pos 0.4783578 0.5296801
35.25582 pos 0.4516689 0.5695347
35.35538 pos 0.3764982 0.5807836
35.45488 pos 0.3634712 0.5762811
35.55456 pos 0.4475985 0.5644911
35.65391 pos 0.5679005 0.5583539
35.75331 pos 0.6775033 0.5621104
35.85287 pos 0.7467851 0.5681092
35.95246 pos 0.7499147 0.5691832
36.0521 pos 0.7370239 0.5606354
36.15165 pos 0.6981169 0.526659
36.2511 pos 0.6161486 0.473087
36.35054 pos 0.5438097 0.4350443
36.45016 pos 0.4607575 0.408074
36.5499 pos 0.3794906 0.3972693
36.64922 pos 0.3400527 0.4077281
36.74881 pos 0.3080945 0.4532684
36.84833 pos 0.2586815 0.5031014
36.94787 pos 0.2143979 0.5339187
37.04764 pos 0.154298 0.5447472
37.1469 pos 0.117127 0.5508341
37.24642 pos 0.1576838 0.5405899
37.34597 pos 0.3106938 0.532571
37.44555 pos 0.5198608 0.5333362
37.54516 pos 0.6711196 0.5414303
37.64447 pos 0.7646679 0.5342944
37.74404 pos 0.8296077 0.5208318
37.84354 pos 0.8789747 0.508757
37.94313 pos 0.9081084 0.5023604
38.00956 gestureEnd electrical
39.23689 gestureStart
39.23689 pos 0.9628355 0.5887844
39.33643 pos 0.9236694 0.5806607
39.43587 pos 0.7950404 0.5478138
39.5355 pos 0.6121259 0.5242369
39.63504 pos 0.4256105 0.5071888
39.7344 pos 0.2652075 0.4931878
39.83389 pos 0.1529821 0.4882673
39.93356 pos 0.1129611 0.4831184
40.03309 pos 0.1949375 0.4748663
40.13254 pos 0.3486575 0.4566188
40.23226 pos 0.4832419 0.4339912
40.33177 pos 0.5874768 0.4122363
40.43123 pos 0.6499658 0.4106303
40.53072 pos 0.6552099 0.4146926
40.63024 pos 0.571205 0.4510706
40.72991 pos 0.4388429 0.4975433
40.8296 pos 0.3190637 0.5244462
40.92905 pos 0.2541753 0.5474071
41.02854 pos 0.247372 0.5626413
41.12796 pos 0.2540503 0.5665377
41.22752 pos 0.3514898 0.5593183
41.32722 pos 0.5079375 0.5352408
41.42663 pos 0.6437174 0.5269356
41.52613 pos 0.7593645 0.5170482
41.62576 pos 0.8451715 0.5035015
41.7253 pos 0.8940101 0.4918284
41.82501 pos 0.9072005 0.4936867
41.87454 gestureEnd panel
43.25127 gestureStart
43.25127 pos -0.4125943 0.3450731
44.23011 phrase house with new electrical panel
45.37473 gestureStart
45.37473 pos 0.6080745 0.5061646
45.47414 pos 0.6520964 0.5171908
45.57359 pos 0.7329544 0.5355204
45.67319 pos 0.8109967 0.5536646
45.77277 pos 0.846555 0.5691149
45.87238 pos 0.8413984 0.5724551
45.97179 pos 0.7693657 0.5622982
46.07142 pos 0.6812942 0.5515498
46.17088 pos 0.6314326 0.5519204
46.27056 pos 0.590556 0.5433921
46.36993 pos 0.5178875 0.5290762
46.46954 pos 0.3907416 0.5058037
46.56897 pos 0.2690908 0.4936092
46.66838 pos 0.1753125 0.4990229
46.76799 pos 0.1468767 0.522091
46.8675 pos 0.188946 0.5491322
46.96693 pos 0.2350163 0.5708201
47.06653 pos 0.24956 0.5908286
47.16592 pos 0.2475887 0.6065584
47.23255 gestureEnd houses
49.88636 gestureStart
49.88636 pos 0.5648111 0.6854922
49.95284 select house
50.56636 gestureStart
50.56636 pos 0.1540858 0.5710327
50.66587 pos 0.2422002 0.5792486
50.76539 pos 0.3751969 0.5909869
50.86493 pos 0.5142084 0.6019748
50.96439 pos 0.6389424 0.6097767
51.06388 pos 0.7372857 0.6051974
51.1634 pos 0.7841361 0.6005172
51.263 pos 0.7473223 0.5937798
51.36257 pos 0.6447298 0.5848641
51.46211 pos 0.5239056 0.5829357
51.56166 pos 0.4451097 0.5846691
51.66125 pos 0.4163249 0.5792922
51.76066 pos 0.4402227 0.5660056
51.8602 pos 0.5195819 0.5406149
51.95981 pos 0.5862503 0.5232214
52.05956 pos 0.6078447 0.5083318
52.15879 pos 0.6125018 0.5015825
52.17552 gestureEnd with
53.25364 gestureStart
53.25364 pos 0.6351827 0.4047002
53.35307 pos 0.5759387 0.4482642
53.45287 pos 0.4672227 0.4983437
53.55238 pos 0.3634761 0.5365893
53.65172 pos 0.2822426 0.5717984
53.75126 pos 0.2228665 0.5928708
53.85091 pos 0.1787704 0.5990068
53.95046 pos 0.1461259 0.6010036
54.03349 gestureEnd new
55.09512 gestureStart
55.09512 pos 0.2452537 0.5978361
55.19451 pos 0.2654255 0.5972962
55.29401 pos 0.3115521 0.591451
55.39353 pos 0.4400552 0.5732313
55.49316 pos 0.6244985 0.5544081
55.59258 pos 0.76506 0.5344267
55.69213 pos 0.8667958 0.4953733
55.79176 pos 0.9128187 0.480262
55.89127 pos 0.8757805 0.4873038
55.9908 pos 0.7552661 0.5071775
56.09035 pos 0.6139179 0.5303942
56.18987 pos 0.4762654 0.5543826
56.28945 pos 0.360691 0.5697321
56.38902 pos 0.2924632 0.5788966
56.48857 pos 0.2839608 0.5756732
56.58809 pos 0.3032073 0.5495532
56.6876 pos 0.3292073 0.494975
56.78718 pos 0.3381238 0.4372102
56.88661 pos 0.3350973 0.4093003
56.98625 pos 0.3451356 0.4158404
57.08576 pos 0.388581 0.4661449
57.18523 pos 0.4378306 0.5241204
57.28474 pos 0.4688703 0.573647
57.38412 pos 0.4475612 0.5926555
57.48376 pos 0.3783684 0.5866905
57.58331 pos 0.3118467 0.5814234
57.68284 pos 0.2517642 0.5703593
57.78234 pos 0.2452247 0.5693001
57.88201 pos 0.2709418 0.5697587
57.9814 pos 0.3440521 0.578038
58.08101 pos 0.4598726 0.5871357
58.18064 pos 0.5926733 0.5881727
58.28012 pos 0.7071283 0.5823409
58.3797 pos 0.7664213 0.5792054
58.479 pos 0.7321724 0.5626274
58.57855 pos 0.6362551 0.5261394
58.67817 pos 0.5290965 0.4763889
58.77762 pos 0.436245 0.4386961
58.87721 pos 0.3565642 0.4221291
58.9767 pos 0.2970445 0.4410472
59.07618 pos 0.2188873 0.4775137
59.17574 pos 0.1502851 0.5071211
59.27528 pos 0.1645008 0.5176698
59.37483 pos 0.2865135 0.5170622
59.47442 pos 0.4502274 0.502333
59.57393 pos 0.5968547 0.4932207
59.6734 pos 0.7269859 0.4880541
59.77296 pos 0.8247505 0.4857813
59.87235 pos 0.8932476 0.4837498
59.97196 pos 0.9124956 0.4875793
60.00521 gestureEnd electrical
61.00042 gestureStart
61.00042 pos 0.9129988 0.572183
61.09994 pos 0.8166605 0.5665065
61.19956 pos 0.6193444 0.5505959
61.29902 pos 0.384587 0.5421416
61.39858 pos 0.1861303 0.5299422
61.49799 pos 0.074613 0.5144373
61.59761 pos 0.08737631 0.5020875
61.6972 pos 0.2183254 0.4789538
61.79674 pos 0.3796453 0.4534014
61.89622 pos 0.5127179 0.4307471
61.9959 pos 0.6163062 0.4015373
62.09533 pos 0.6925844 0.4025656
62.19503 pos 0.6829814 0.4140265
62.29436 pos 0.5802323 0.4470876
62.3939 pos 0.4278674 0.4844904
62.49341 pos 0.2944238 0.5250255
62.59303 pos 0.2322571 0.5619208
62.69273 pos 0.2670937 0.5862434
62.79201 pos 0.3867509 0.5882533
62.89164 pos 0.5515661 0.5690197
62.99118 pos 0.7111543 0.5434407
63.09064 pos 0.8382436 0.5083802
63.19057 pos 0.9199853 0.4793239
63.28972 pos 0.9303079 0.4757741
63.30637 gestureEnd panel
65.5787 phrase house with new electrical panel
66.73976 gestureStart
66.73976 pos 0.6377041 0.5092385
66.83916 pos 0.6858249 0.5250033
66.93869 pos 0.7802198 0.5542808
67.03829 pos 0.86316 0.5862834
67.13763 pos 0.8435719 0.5834813
67.23719 pos 0.7399932 0.5662828
67.33685 pos 0.6148656 0.5518983
67.43636 pos 0.5334993 0.5422766
67.53584 pos 0.4229108 0.51775
67.63525 pos 0.2752721 0.4943286
67.73483 pos 0.1691749 0.4919461
67.83437 pos 0.1551354 0.5055376
67.93388 pos 0.1939857 0.5457859
68.03362 pos 0.2371403 0.5832742
68.13297 pos 0.2474918 0.6031671
68.23238 pos 0.2439231 0.610225
68.24916 gestureEnd houses
71.06864 gestureStart
71.06864 pos 0.5568257 0.6689859
71.16783 pos 0.546815 0.6749125
71.18466 select house
71.8812 gestureStart
71.8812 pos 0.101562 0.579705
71.98054 pos 0.2135503 0.5925061
72.08014 pos 0.3521671 0.6003613
72.17968 pos 0.4878752 0.6049463
72.27918 pos 0.6151261 0.609859
72.3787 pos 0.715505 0.6110751
72.47814 pos 0.7496994 0.607783
72.57767 pos 0.68303 0.5963696
72.67709 pos 0.5741863 0.5926188
72.77666 pos 0.4802757 0.5973086
72.87611 pos 0.4179374 0.6029879
72.9756 pos 0.4087551 0.6010125
73.07513 pos 0.4557163 0.5874314
73.17462 pos 0.5243832 0.5670367
73.27417 pos 0.5852629 0.5424039
73.37386 pos 0.6150949 0.5286998
73.47321 pos 0.6195104 0.5269721
73.53982 gestureEnd with
74.56783 gestureStart
74.56783 pos 0.6159004 0.4108754
74.66735 pos 0.5961037 0.4386476
74.76697 pos 0.5414689 0.4903686
74.86637 pos 0.4600181 0.5434856
74.96592 pos 0.365967 0.5742906
75.06538 pos 0.273736 0.5924103
75.16491 pos 0.2187692 0.602235
75.26438 pos 0.2018162 0.6011611
75.36386 pos 0.1909291 0.5968465
75.46332 pos 0.1736287 0.5912722
75.56297 pos 0.1485225 0.5900156
75.66244 pos 0.1369565 0.5914543
75.72895 gestureEnd new
77.05556 gestureStart
77.05556 pos 0.2711793 0.5905655
77.155 pos 0.3687582 0.5797222
77.25455 pos 0.521169 0.5523218
77.35409 pos 0.6865898 0.5208624
77.45369 pos 0.8124681 0.5036342
77.5532 pos 0.8741093 0.4964295
77.65276 pos 0.8339679 0.4998631
77.75225 pos 0.7090252 0.5186278
77.85178 pos 0.5499178 0.5397975
77.95134 pos 0.404601 0.5631995
78.05087 pos 0.2883375 0.5838799
78.15036 pos 0.2320431 0.5915121
78.24982 pos 0.2731425 0.5725492
78.3494 pos 0.3549874 0.5272956
78.44878 pos 0.4002284 0.4687107
78.54832 pos 0.3899893 0.4251855
78.64784 pos 0.3722853 0.4138226
78.74734 pos 0.3769871 0.4297431
78.84689 pos 0.4003346 0.4924153
78.94635 pos 0.4302742 0.5615605
79.0459 pos 0.4457555 0.6084163
79.14535 pos 0.419321 0.6190994
79.24484 pos 0.3506128 0.6087697
79.34443 pos 0.3299277 0.6031129
79.44394 pos 0.3964458 0.5918521
79.54335 pos 0.5165141 0.5916925
79.64304 pos 0.6323672 0.6000576
79.74245 pos 0.7145451 0.6006456
79.84214 pos 0.7356263 0.5877311
79.94155 pos 0.6561113 0.5511752
80.0411 pos 0.5187427 0.4993135
80.14057 pos 0.3926443 0.4551938
80.24014 pos 0.305017 0.4217179
80.33945 pos 0.2676925 0.4299235
80.43907 pos 0.2271756 0.4713214
80.53857 pos 0.1843375 0.502334
80.63808 pos 0.2445658 0.5147322
80.73763 pos 0.3461633 0.5185478
80.83708 pos 0.4538853 0.5141325
80.93655 pos 0.5554979 0.5135558
81.036 pos 0.6552485 0.5115799
81.13551 pos 0.7382628 0.5086114
81.23503 pos 0.7989058 0.506061
81.33457 pos 0.8434595 0.505121
81.43411 pos 0.8763515 0.5029941
81.5336 pos 0.9050584 0.5062258
81.5834 gestureEnd electrical
82.72774 gestureStart
82.72774 pos 0.9374009 0.585081
82.82724 pos 0.8940175 0.5718035
82.9268 pos 0.7726516 0.5463756
83.02635 pos 0.5989257 0.5276132
83.12585 pos 0.4148107 0.5177396
83.22547 pos 0.2687053 0.5183203
83.32484 pos 0.1762567 0.5145956
83.42445 pos 0.1545325 0.5124937
83.52397 pos 0.1957717 0.4998408
83.6235 pos 0.3252944 0.4765234
83.72299 pos 0.4608635 0.4516038
83.82248 pos 0.5675758 0.4321862
83.92199 pos 0.6341541 0.4183551
84.02149 pos 0.6777035 0.4146061
84.12101 pos 0.6761019 0.4186451
84.22054 pos 0.6263308 0.4418346
84.32013 pos 0.5305551 0.4635062
84.41957 pos 0.4127219 0.5030223
84.51903 pos 0.3195085 0.5391783
84.61864 pos 0.2611131 0.5685478
84.71833 pos 0.2544415 0.5868229
84.81774 pos 0.295362 0.5898904
84.91726 pos 0.3965564 0.5785694
85.01672 pos 0.5502551 0.5597981
85.11631 pos 0.6861225 0.5415211
85.21573 pos 0.7769054 0.5208778
85.31534 pos 0.8365765 0.5064808
85.41481 pos 0.8774084 0.4950638
85.51438 pos 0.9022207 0.4909901
85.59741 gestureEnd panel
86.77515 gestureStart
86.77515 pos -0.2555804 0.3474554
89.09731 session normal_0.6_1
89.09731 phrase what goes up must come down
90.05916 gestureStart
90.05916 pos 0.1639772 0.5749258
90.15859 pos 0.2371471 0.5727427
90.27457 pos 0.3989353 0.5462431
90.37418 pos 0.5461515 0.5109931
90.47363 pos 0.5912029 0.4989844
90.57313 pos 0.5188916 0.4986552
90.67276 pos 0.3753012 0.5026768
90.77216 pos 0.1915363 0.5071312
90.87176 pos 0.0849102 0.5150819
90.97129 pos 0.1335675 0.5250708
91.07087 pos 0.2627253 0.5499586
91.17038 pos 0.3856372 0.5659297
91.28638 pos 0.4565418 0.5859628
91.38583 pos 0.4783849 0.6025212
91.40249 gestureEnd what
92.36449 gestureStart
92.36449 pos 0.5200846 0.4953069
92.46388 pos 0.5885562 0.5385163
92.56357 pos 0.7022684 0.5871926
92.663 pos 0.8223451 0.6245705
92.76257 pos 0.8444542 0.6348116
92.86211 pos 0.7541465 0.6121898
92.96165 pos 0.6182361 0.5957034
93.0611 pos 0.4484136 0.5877873
93.16061 pos 0.2876865 0.5881193
93.26009 pos 0.2012483 0.5915808
93.35966 pos 0.1966682 0.5799528
93.45918 pos 0.2189476 0.5565684
93.55881 pos 0.2292961 0.5187355
93.65825 pos 0.2154112 0.5043571
93.75775 pos 0.2055335 0.4994106
93.79089 gestureEnd goes
95.18424 gestureStart
95.18424 pos 0.6230725 0.5976384
95.28377 pos 0.6662338 0.6003861
95.38329 pos 0.7366541 0.6061435
95.48286 pos 0.7936176 0.6059664
95.58243 pos 0.8412866 0.604886
95.68188 pos 0.8700892 0.5991804
95.78147 pos 0.891049 0.5975358
95.88091 pos 0.9219797 0.5948966
95.9804 pos 0.9525496 0.5940028
96.08008 pos 0.9665188 0.5926827
96.16312 gestureEnd up
97.34056 gestureStart
97.34056 pos 0.7986144 0.3836241
97.44016 pos 0.7770305 0.4110588
97.53955 pos 0.7234772 0.4731633
97.6391 pos 0.666897 0.5446334
97.73869 pos 0.6405929 0.5748677
97.8382 pos 0.6186464 0.5781141
97.93773 pos 0.5433356 0.554744
98.03725 pos 0.4031659 0.5052496
98.13675 pos 0.2479057 0.4762183
98.23644 pos 0.1619144 0.4802399
98.33587 pos 0.2066843 0.4966657
98.4354 pos 0.3389607 0.5308564
98.53492 pos 0.4519017 0.565676
98.63443 pos 0.489026 0.5923231
98.73392 pos 0.475945 0.6005647
98.75052 gestureEnd must
100.044 gestureStart
100.044 pos 0.3926299 0.4164731
100.1436 pos 0.4886801 0.4737199
100.2431 pos 0.6286467 0.5403665
100.3425 pos 0.7443177 0.578443
100.4421 pos 0.8190265 0.5971016
100.5415 pos 0.8531445 0.5873433
100.641 pos 0.8622258 0.5445458
100.7407 pos 0.8197078 0.4687509
100.84 pos 0.7595439 0.4055426
100.9397 pos 0.7276344 0.3774775
101.0391 pos 0.6875689 0.4022506
101.1388 pos 0.5662645 0.452616
101.2381 pos 0.4144833 0.5074607
101.3377 pos 0.3023788 0.5608102
101.4372 pos 0.2379574 0.5956985
101.5366 pos 0.2247441 0.6054708
101.5699 gestureEnd come
102.5484 gestureStart
102.5484 pos 0.281574 0.4882548
102.6478 pos 0.3868201 0.4907903
102.7473 pos 0.5622319 0.5236154
102.847 pos 0.7149209 0.5598561
102.9463 pos 0.7971094 0.5960261
103.0459 pos 0.8076348 0.6043679
103.1455 pos 0.73746 0.5884981
103.2451 pos 0.5753884 0.5659328
103.3445 pos 0.3817909 0.5615727
103.4441 pos 0.2340494 0.5702974
103.5435 pos 0.1568126 0.5752222
103.643 pos 0.1821981 0.5629851
103.7424 pos 0.326875 0.5134349
103.8419 pos 0.4840742 0.4566857
103.9416 pos 0.5888706 0.4185112
104.041 pos 0.6522635 0.4030793
104.1406 pos 0.6650802 0.4051509
104.2069 gestureEnd down
105.633 gestureStart
105.633 pos -0.172589 0.349405
106.6116 phrase what goes up must come down
107.673 gestureStart
107.673 pos 0.1175889 0.5705879
107.7726 pos 0.1540445 0.5718647
107.8721 pos 0.2938798 0.555445
107.9717 pos 0.4512565 0.538367
108.0713 pos 0.5693103 0.5267979
108.1709 pos 0.6004477 0.5156903
108.2704 pos 0.5300065 0.5077963
108.3699 pos 0.3801783 0.5040033
108.4693 pos 0.2078008 0.5057154
108.5689 pos 0.07707568 0.5174741
108.6685 pos 0.04608064 0.5337744
108.7679 pos 0.1295936 0.5442113
108.8675 pos 0.2638917 0.5610918
108.967 pos 0.3905254 0.5770262
109.0664 pos 0.482227 0.5923577
109.166 pos 0.5138358 0.6053594
109.1992 gestureEnd what
109.8956 gestureStart
109.8956 pos 0.5413873 0.5045125
109.9953 pos 0.6214596 0.544852
110.0947 pos 0.7239518 0.5846497
110.1941 pos 0.8037834 0.6063048
110.2937 pos 0.7962819 0.6040606
110.3931 pos 0.7178324 0.5931619
110.4928 pos 0.6067191 0.5808996
110.5923 pos 0.4610594 0.5820881
110.6918 pos 0.3392423 0.6015996
110.7913 pos 0.2552092 0.616179
110.8908 pos 0.21037 0.6116677
110.9903 pos 0.2062137 0.5928578
111.0898 pos 0.1939319 0.5458495
111.1893 pos 0.1756847 0.5085207
111.2889 pos 0.1717642 0.4959075
111.3885 pos 0.1817705 0.4907806
111.4215 gestureEnd horse
113.3289 gestureStart
113.3289 pos 0.8515709 0.2906165
113.3787 delete
114.2578 gestureStart
114.2578 pos 0.5907968 0.4965629
114.3574 pos 0.699643 0.5136361
114.4569 pos 0.8017154 0.5288651
114.5564 pos 0.8252756 0.548481
114.6558 pos 0.7540435 0.5688376
114.7556 pos 0.6165413 0.5657529
114.8551 pos 0.4675198 0.5619769
114.9546 pos 0.3460993 0.563997
115.054 pos 0.2654158 0.5592145
115.1535 pos 0.2322211 0.5338784
115.253 pos 0.2270199 0.5025769
115.336 gestureEnd hours
117.0113 gestureStart
117.0113 pos 0.869714 0.3204001
117.0943 delete
118.0396 gestureStart
118.0396 pos 0.5220368 0.5079069
118.1391 pos 0.6046457 0.5145785
118.2387 pos 0.7171694 0.5454829
118.3382 pos 0.8182206 0.577439
118.4378 pos 0.8617414 0.5948484
118.5372 pos 0.808 0.5951309
118.6367 pos 0.6766367 0.5848278
118.7364 pos 0.4968533 0.5885173
118.8358 pos 0.3456354 0.5972732
118.9354 pos 0.2518718 0.5981721
119.0349 pos 0.2026218 0.5901475
119.1345 pos 0.2024763 0.5757457
119.2341 pos 0.2172821 0.5227416
119.3335 pos 0.2196352 0.4752452
119.4331 pos 0.214522 0.4671985
119.5161 gestureEnd goes
121.0088 gestureStart
121.0088 pos 0.6211511 0.5832263
121.1082 pos 0.6420206 0.5767971
121.2079 pos 0.7448813 0.583031
121.3074 pos 0.8537971 0.5868743
121.4068 pos 0.9099644 0.5859435
121.5063 pos 0.9302095 0.5889292
121.6058 pos 0.938274 0.5908211
121.6557 gestureEnd up
122.6013 gestureStart
122.6013 pos 0.7939812 0.4051703
122.7006 pos 0.7570361 0.4401493
122.8002 pos 0.690802 0.4944521
122.8997 pos 0.6588948 0.5577902
122.9993 pos 0.662672 0.5918152
123.0988 pos 0.6574082 0.6043452
123.1982 pos 0.6120646 0.6044477
123.2977 pos 0.5035812 0.5704076
123.3973 pos 0.3543519 0.5329038
123.497 pos 0.2098453 0.5205345
123.5964 pos 0.1420363 0.5190012
123.696 pos 0.1685468 0.5267134
123.7954 pos 0.26935 0.557065
123.8949 pos 0.3824807 0.5989975
123.9944 pos 0.4564415 0.6219197
124.0942 pos 0.4773536 0.6326665
124.1439 gestureEnd must
125.5537 gestureStart
125.5537 pos 0.3572649 0.3863458
125.6532 pos 0.42757 0.4215378
125.7527 pos 0.5853702 0.4838541
125.8522 pos 0.7396769 0.5336129
125.9516 pos 0.8385322 0.5891162
126.0513 pos 0.8642517 0.6030207
126.1508 pos 0.8324241 0.5661904
126.2503 pos 0.7857035 0.4836555
126.3498 pos 0.7699326 0.4165604
126.4494 pos 0.7688264 0.3783336
126.5489 pos 0.754716 0.387346
126.6485 pos 0.6707035 0.437267
126.7478 pos 0.5241855 0.4890018
126.8474 pos 0.4009517 0.537244
126.9468 pos 0.3115965 0.575044
127.0466 pos 0.2455381 0.5951593
127.1459 pos 0.2245122 0.6015313
127.2455 gestureEnd come
128.2738 gestureStart
128.2738 pos 0.264791 0.4838259
128.3732 pos 0.2770668 0.4820663
128.4727 pos 0.3837647 0.5109314
128.5722 pos 0.6165062 0.5428619
128.6718 pos 0.808473 0.5624877
128.7713 pos 0.8835291 0.5922402
128.8709 pos 0.8700416 0.590746
128.9704 pos 0.7727811 0.5658953
129.0699 pos 0.5669568 0.5423933
129.1693 pos 0.3419395 0.5469368
129.2688 pos 0.1895893 0.5590119
129.3684 pos 0.1314044 0.5676614
129.468 pos 0.153465 0.5639668
129.5672 pos 0.2673633 0.5333228
129.6668 pos 0.4153793 0.4731388
129.7663 pos 0.546382 0.4262159
129.8658 pos 0.621695 0.4054173
129.9653 pos 0.6397506 0.4037448
130.0649 gestureEnd down
131.4083 gestureStart
131.4083 pos -0.2730965 0.3589625
131.5077 pos -0.2950531 0.3674215
132.5194 phrase what goes up must come down
133.6639 gestureStart
133.6639 pos 0.1271778 0.6005371
133.7634 pos 0.1369639 0.5938159
133.863 pos 0.1682402 0.5859687
133.9625 pos 0.3285175 0.5712225
134.062 pos 0.4989932 0.5476432
134.1616 pos 0.5814115 0.5272574
134.261 pos 0.6046378 0.5214919
134.3607 pos 0.5900075 0.5169045
134.4602 pos 0.4742751 0.5184972
134.5597 pos 0.2717625 0.5161253
134.6592 pos 0.1159467 0.5186602
134.7587 pos 0.0908369 0.5199946
134.8582 pos 0.1494307 0.5225447
134.9577 pos 0.2727452 0.554679
135.0571 pos 0.3844902 0.5770484
135.1567 pos 0.4515318 0.5866569
135.2563 pos 0.4775005 0.5939406
135.3559 pos 0.4787429 0.5981132
135.3725 gestureEnd what
136.3011 gestureStart
136.3011 pos 0.5135359 0.4900874
136.4006 pos 0.5565103 0.5447646
136.5001 pos 0.7115996 0.5947653
136.5996 pos 0.8638439 0.6104064
136.6992 pos 0.9223419 0.6256047
136.7986 pos 0.8791206 0.615855
136.8981 pos 0.7731319 0.5937501
136.9975 pos 0.6250506 0.5818152
137.0971 pos 0.4514991 0.592025
137.1966 pos 0.3302901 0.6086607
137.2962 pos 0.2598433 0.6145037
137.3957 pos 0.216114 0.6098486
137.4951 pos 0.2004722 0.594133
137.5947 pos 0.1969754 0.5353613
137.6944 pos 0.2046553 0.4904696
137.7937 pos 0.2049596 0.4863015
137.8604 gestureEnd goes
139.4519 gestureStart
139.4519 pos 0.6380184 0.5925814
139.5515 pos 0.7115852 0.5944678
139.651 pos 0.8132278 0.6010743
139.7504 pos 0.8757237 0.5973991
139.85 pos 0.8898454 0.5986
139.9496 pos 0.8915384 0.5949575
140.0324 gestureEnd up
141.2761 gestureStart
141.2761 pos 0.724088 0.4097272
141.3755 pos 0.7149208 0.432364
141.4751 pos 0.7030461 0.5119348
141.5745 pos 0.7030238 0.5624595
141.6741 pos 0.6973765 0.5846686
141.7736 pos 0.64294 0.5784427
141.8731 pos 0.5074972 0.5552469
141.9726 pos 0.3473215 0.5339636
142.0722 pos 0.2276804 0.5075205
142.1716 pos 0.1748982 0.5039775
142.2711 pos 0.206158 0.5195673
142.3706 pos 0.3031642 0.5603042
142.4702 pos 0.3990438 0.6052947
142.5697 pos 0.4671092 0.6370499
142.6692 pos 0.5072032 0.6512061
142.7355 select hop
144.2442 gestureStart
144.2442 pos 0.856752 0.3067868
144.3438 pos 0.85514 0.3208085
144.3605 delete
144.8413 gestureStart
144.8413 pos 0.7726437 0.4157732
144.9407 pos 0.7375076 0.4345452
145.0403 pos 0.7074902 0.453099
145.1398 pos 0.6913146 0.4631352
145.2393 pos 0.6865788 0.4687186
145.3388 pos 0.7130383 0.4741459
145.4383 pos 0.7790791 0.4737547
145.5378 pos 0.8234653 0.4400318
145.6373 pos 0.8298318 0.4076785
145.7036 gestureEnd km
146.1679 gestureStart
146.1679 pos 0.8641023 0.3033261
146.2674 pos 0.8513251 0.3208416
146.2839 delete
147.0467 gestureStart
147.0467 pos 0.6763765 0.5917972
147.1462 pos 0.7369322 0.5830875
147.2456 pos 0.8192169 0.5699603
147.3452 pos 0.881526 0.5598282
147.4447 pos 0.9176702 0.561253
147.5442 pos 0.9260882 0.5633616
147.6106 gestureEnd up
148.5392 gestureStart
148.5392 pos 0.7708077 0.4108302
148.6387 pos 0.7510955 0.4770158
148.7381 pos 0.7306229 0.5422041
148.8376 pos 0.6835949 0.5703679
148.937 pos 0.6210929 0.5757529
149.0366 pos 0.5414357 0.5641264
149.1361 pos 0.404147 0.5439921
149.2356 pos 0.2767741 0.525472
149.335 pos 0.2150465 0.5218604
149.4345 pos 0.258754 0.5367544
149.534 pos 0.3619798 0.5705618
149.6334 pos 0.4539614 0.6003187
149.7329 pos 0.5008525 0.6237179
149.7996 gestureEnd must
150.9435 gestureStart
150.9435 pos 0.3646067 0.4408945
151.043 pos 0.4105269 0.4835266
151.1422 pos 0.5349055 0.5335636
151.2418 pos 0.6902006 0.574011
151.3414 pos 0.7954056 0.6016166
151.4408 pos 0.8351991 0.6078479
151.5403 pos 0.8353539 0.5890203
151.6396 pos 0.8155925 0.5340913
151.7392 pos 0.7971924 0.4685149
151.8389 pos 0.791308 0.4308127
151.9383 pos 0.7665534 0.4163238
152.0376 pos 0.6949337 0.4340585
152.1372 pos 0.5565751 0.4710859
152.2367 pos 0.4141982 0.5087777
152.3362 pos 0.3095474 0.5426326
152.4357 pos 0.2529566 0.5599268
152.5352 pos 0.2456653 0.5688455
152.6348 gestureEnd come
153.6148 gestureStart
153.6148 pos 0.2722327 0.5010704
153.7141 pos 0.2991868 0.506023
153.8136 pos 0.4288003 0.5164201
153.9131 pos 0.589632 0.5434299
154.0125 pos 0.7269127 0.5782766
154.1122 pos 0.8123953 0.5986128
154.2117 pos 0.8235564 0.597501
154.311 pos 0.7639635 0.5865593
154.4105 pos 0.6146098 0.565183
154.51 pos 0.4289781 0.5660361
154.6095 pos 0.2797029 0.5717497
154.709 pos 0.1964683 0.5749646
154.8084 pos 0.1913392 0.5731348
154.908 pos 0.2397502 0.550483
155.0075 pos 0.3251193 0.5089974
155.1068 pos 0.4368537 0.4508899
155.2063 pos 0.5518281 0.4238824
155.3059 pos 0.6316141 0.4082157
155.4054 pos 0.6540664 0.4105204
155.5049 pos 0.6517559 0.4255224
155.5381 gestureEnd down
156.6157 gestureStart
156.6157 pos -0.2577292 0.3460047
158.5893 session normal_0.6_1
158.5893 phrase where can my little dog be
159.949 gestureStart
159.949 pos 0.1410888 0.5801467
160.0484 pos 0.1508069 0.5727597
160.1479 pos 0.2170395 0.5570589
160.2474 pos 0.3595762 0.5278044
160.347 pos 0.535657 0.5061428
160.4464 pos 0.6264707 0.5122817
160.546 pos 0.5753467 0.5150489
160.6455 pos 0.461688 0.5279314
160.7451 pos 0.3404997 0.5579751
160.8445 pos 0.222932 0.5901464
160.9442 pos 0.1631631 0.6050493
161.0436 pos 0.2170842 0.6010376
161.1431 pos 0.3235149 0.5995187
161.2425 pos 0.3990335 0.5968208
161.3421 pos 0.3891529 0.5923771
161.4417 pos 0.3204899 0.5897721
161.5412 pos 0.2457147 0.587575
161.6406 pos 0.2369237 0.5889912
161.707 gestureEnd accurate
163.3981 gestureStart
163.3981 pos 0.6995869 0.6608384
163.4812 select where
164.3102 gestureStart
164.3102 pos 0.3969851 0.4042574
164.4097 pos 0.3645539 0.4330899
164.5091 pos 0.2664866 0.4613791
164.6087 pos 0.1546308 0.4819001
164.7083 pos 0.1284265 0.4946025
164.8077 pos 0.2063298 0.5008906
164.9072 pos 0.3349304 0.4930729
165.0067 pos 0.46213 0.4746648
165.1062 pos 0.5701938 0.4479455
165.2057 pos 0.6398825 0.4237204
165.3052 pos 0.6593805 0.4121446
165.3883 gestureEnd can
166.5321 gestureStart
166.5321 pos 0.7583969 0.4173623
166.6316 pos 0.7482525 0.4442387
166.7311 pos 0.7066951 0.4918277
166.8306 pos 0.643192 0.5327427
166.9301 pos 0.6016408 0.5703984
167.0295 pos 0.5816755 0.5906992
167.1291 pos 0.56515 0.6035928
167.2287 gestureEnd my
168.2899 gestureStart
168.2899 pos 0.8601543 0.4768305
168.3893 pos 0.8688554 0.4903436
168.4888 pos 0.8583124 0.5089875
168.5882 pos 0.8152136 0.5471528
168.6877 pos 0.7942595 0.5646885
168.7873 pos 0.771194 0.5718605
168.8867 pos 0.7564053 0.5757565
168.9861 pos 0.7088775 0.5630834
169.0856 pos 0.593801 0.5578988
169.1851 pos 0.48169 0.5651214
169.2846 pos 0.4126813 0.5749511
169.3843 pos 0.4488231 0.5735926
169.4837 pos 0.579249 0.5466014
169.5831 pos 0.7386084 0.5077335
169.6828 pos 0.8610721 0.4742393
169.7821 pos 0.908353 0.4677275
169.8815 pos 0.8324904 0.4792755
169.9811 pos 0.6725771 0.5107853
170.0805 pos 0.5052339 0.540906
170.1802 pos 0.3835033 0.5617138
170.2796 pos 0.3233388 0.5752493
170.379 pos 0.3189954 0.5805264
170.4787 pos 0.3155825 0.5874006
170.578 pos 0.2844591 0.5967112
170.6778 pos 0.2626449 0.5992832
170.777 pos 0.260094 0.599929
170.8268 gestureEnd little
171.9048 gestureStart
171.9048 pos 0.3207023 0.5181784
172.004 pos 0.3787602 0.5262306
172.1037 pos 0.5503632 0.5416167
172.203 pos 0.7317351 0.567851
172.3025 pos 0.8217981 0.6059083
172.402 pos 0.8127697 0.602621
172.5015 pos 0.7442734 0.5787901
172.6011 pos 0.6275804 0.528236
172.7006 pos 0.5177574 0.4871293
172.8 pos 0.4724966 0.4728899
172.8995 gestureEnd dog
174.0453 gestureStart
174.0453 pos 0.5434486 0.388694
174.1446 pos 0.5286954 0.4174508
174.2441 pos 0.4593685 0.4816163
174.3434 pos 0.3520317 0.5236425
174.4429 pos 0.273456 0.5592236
174.5426 pos 0.2581447 0.5734585
174.6421 pos 0.271825 0.5844108
174.6587 gestureEnd be
176.0182 gestureStart
176.0182 pos -0.2933257 0.3490002
176.6649 phrase where can my little dog be
177.7426 gestureStart
177.7426 pos 0.1633151 0.5791883
177.842 pos 0.2744567 0.5584581
177.9416 pos 0.4246192 0.5201579
178.041 pos 0.5403246 0.5096852
178.1405 pos 0.5683849 0.5068252
178.2401 pos 0.4988498 0.5109788
178.3396 pos 0.3625641 0.5276495
178.4389 pos 0.2597608 0.5478489
178.5384 pos 0.2677078 0.5557584
178.6379 pos 0.3652963 0.5654638
178.7374 pos 0.4388133 0.5661919
178.8369 pos 0.4201336 0.5652763
178.9363 pos 0.3549953 0.5626959
179.0359 pos 0.2787564 0.5584888
179.1353 pos 0.2266246 0.5556225
179.2347 pos 0.215761 0.5563025
179.2514 gestureEnd suggests
181.9372 gestureStart
181.9372 pos 0.08711596 0.6782073
182.0366 pos 0.1187377 0.6717207
182.0533 select where
182.9319 gestureStart
182.9319 pos 0.3524399 0.4177402
183.0316 pos 0.3033667 0.4379886
183.1311 pos 0.1472827 0.4597754
183.2304 pos 0.0468039 0.4915915
183.33 pos 0.08141913 0.491037
183.4294 pos 0.219507 0.4691046
183.529 pos 0.3742838 0.4455155
183.6285 pos 0.5069706 0.4230276
183.728 pos 0.6047607 0.4101357
183.8274 pos 0.65405 0.3971941
183.9269 pos 0.6588576 0.3964626
184.0266 gestureEnd can
184.8722 gestureStart
184.8722 pos 0.7369004 0.391995
184.9716 pos 0.7208657 0.4074597
185.0711 pos 0.662874 0.4690618
185.1706 pos 0.6011354 0.5382985
185.2701 pos 0.5758424 0.5847164
185.3696 pos 0.5744372 0.6055528
185.4524 gestureEnd my
186.4969 gestureStart
186.4969 pos 0.868989 0.4749942
186.5964 pos 0.8607723 0.4909978
186.6959 pos 0.8277072 0.5238611
186.7953 pos 0.7945063 0.5599088
186.8949 pos 0.7785128 0.5815832
186.9942 pos 0.7434237 0.5864983
187.0938 pos 0.6762083 0.5801274
187.1933 pos 0.5638773 0.5815352
187.2928 pos 0.4554859 0.5913782
187.3922 pos 0.3664404 0.6026537
187.4918 pos 0.3405141 0.6090533
187.5913 pos 0.3694808 0.6045084
187.6908 pos 0.4581226 0.5959235
187.7903 pos 0.5845937 0.5764776
187.8898 pos 0.7325464 0.5499154
187.9893 pos 0.8474375 0.5133331
188.0887 pos 0.863479 0.5007072
188.1882 pos 0.757295 0.5012787
188.2877 pos 0.5586052 0.5224649
188.3872 pos 0.3676354 0.5507166
188.4867 pos 0.2795468 0.5765695
188.5861 pos 0.2721116 0.5857029
188.6855 pos 0.2756759 0.6000133
188.7023 gestureEnd prime
190.5591 gestureStart
190.5591 pos 0.9669207 0.6689546
190.609 nextPage
191.1893 pos 0.94617 0.6896715
191.2889 pos 0.951887 0.6894687
191.3055 nextPage
192.2008 pos 0.9101703 0.3133074
192.2505 delete
192.9135 gestureStart
192.9135 pos 0.877349 0.47828
193.013 pos 0.8743703 0.4905586
193.1125 pos 0.8498161 0.5282456
193.212 pos 0.7849698 0.5729977
193.3114 pos 0.7415539 0.5898407
193.411 pos 0.723624 0.5870177
193.5105 pos 0.6470407 0.5658534
193.6099 pos 0.5016454 0.5687799
193.7095 pos 0.3990965 0.5747176
193.8089 pos 0.3306805 0.5797512
193.9085 pos 0.2785754 0.5849248
194.0079 pos 0.2801609 0.5848004
194.1074 pos 0.2939217 0.5818561
194.2068 pos 0.3209219 0.5802913
194.3063 pos 0.4223325 0.5685574
194.4057 pos 0.6075628 0.5503793
194.505 pos 0.7811245 0.5233607
194.6047 pos 0.8710823 0.5009546
194.7041 pos 0.8493401 0.4957713
194.8036 pos 0.7106481 0.4981101
194.903 pos 0.5408833 0.5133981
195.0026 pos 0.4926685 0.5184475
195.102 pos 0.4771076 0.5155262
195.2016 pos 0.3778019 0.5388697
195.3011 pos 0.2935558 0.5586935
195.4006 pos 0.2718104 0.5705385
195.5001 pos 0.259039 0.5825329
195.5169 gestureEnd lifetime
196.7104 gestureStart
196.7104 pos 0.8768377 0.300177
196.7438 delete
197.4731 gestureStart
197.4731 pos 0.8934445 0.4925439
197.5725 pos 0.8567414 0.505784
197.6721 pos 0.7961879 0.5384362
197.7716 pos 0.7319148 0.5506784
197.8709 pos 0.6633135 0.5593942
197.9704 pos 0.5931598 0.5630783
198.0699 pos 0.5282195 0.5706038
198.1694 pos 0.5268647 0.5715471
198.2689 pos 0.609998 0.5641416
198.3683 pos 0.7260301 0.5359396
198.4678 pos 0.8296849 0.4890001
198.5673 pos 0.890527 0.4727522
198.6667 pos 0.8235729 0.47162
198.7662 pos 0.6657906 0.4832136
198.8657 pos 0.477412 0.5135217
198.9651 pos 0.3353328 0.5515889
199.0648 pos 0.2756973 0.5812478
199.1641 pos 0.2725663 0.5908484
199.1972 gestureEnd little
200.1588 gestureStart
200.1588 pos 0.3521107 0.5128862
200.2582 pos 0.5124776 0.5214221
200.3577 pos 0.6937035 0.5442647
200.4571 pos 0.8249345 0.5777948
200.5567 pos 0.8546389 0.5952817
200.6561 pos 0.7928991 0.5744704
200.7556 pos 0.6946865 0.5332181
200.8551 pos 0.5992612 0.4996211
200.9547 pos 0.5182713 0.4776836
201.0539 pos 0.4459869 0.4664653
201.137 gestureEnd doing
203.408 gestureStart
203.408 pos 0.0951334 0.696461
203.4744 select dog
204.0379 gestureStart
204.0379 pos 0.5592188 0.4232952
204.1374 pos 0.4898747 0.4703632
204.2369 pos 0.3689318 0.5344315
204.3363 pos 0.253788 0.5819431
204.4357 pos 0.1802606 0.6093261
204.4857 gestureEnd beer
205.8946 gestureStart
205.8946 pos 0.7030051 0.7028476
205.9112 select be
206.7401 gestureStart
206.7401 pos -0.2105768 0.2848749
207.1712 gestureStart
207.1712 pos -0.2356742 0.3589222
208.0003 phrase where can my little dog be
208.9119 gestureStart
208.9119 pos 0.1381279 0.5687994
209.0114 pos 0.1996182 0.5590592
209.1109 pos 0.3442517 0.5339091
209.2103 pos 0.5149211 0.5093769
209.3097 pos 0.5955306 0.5033451
209.4092 pos 0.55729 0.5003458
209.5087 pos 0.4270588 0.5135278
209.6082 pos 0.2871031 0.546706
209.7076 pos 0.2061975 0.5763477
209.8071 pos 0.2108574 0.5912108
209.9066 pos 0.3017882 0.5861714
210.0061 pos 0.3942919 0.5801947
210.1056 pos 0.3933756 0.5781682
210.2051 pos 0.3145633 0.5744923
210.3044 pos 0.2413374 0.5746986
210.404 pos 0.2307323 0.5733225
210.5036 pos 0.2450133 0.5699962
210.537 gestureEnd where
211.4983 gestureStart
211.4983 pos 0.3352363 0.3847306
211.5979 pos 0.2811474 0.4216641
211.6971 pos 0.1677652 0.4609032
211.7966 pos 0.1040181 0.5096213
211.8961 pos 0.1532855 0.5185471
211.9956 pos 0.3082034 0.4876511
212.0951 pos 0.4846615 0.4421138
212.1945 pos 0.6071211 0.4067326
212.294 pos 0.653821 0.4036847
212.3935 pos 0.6445675 0.4098756
212.4101 gestureEnd can
213.4381 gestureStart
213.4381 pos 0.7191923 0.4028189
213.5376 pos 0.687472 0.4519728
213.637 pos 0.6452071 0.5221374
213.7365 pos 0.613314 0.5452992
213.8359 pos 0.5766203 0.5768567
213.9353 pos 0.551621 0.6001397
214.0349 pos 0.5367824 0.6101653
214.1014 gestureEnd my
215.0466 gestureStart
215.0466 pos 0.9019282 0.5079126
215.1458 pos 0.865539 0.5325009
215.2453 pos 0.7972648 0.5716468
215.3448 pos 0.774748 0.5847943
215.4443 pos 0.7728881 0.5887007
215.5438 pos 0.7705246 0.5871841
215.6433 pos 0.7471976 0.5823085
215.7427 pos 0.6478953 0.5788386
215.8422 pos 0.536572 0.5830577
215.9417 pos 0.4415289 0.5900834
216.0412 pos 0.3891044 0.5967594
216.1406 pos 0.4025987 0.5953167
216.2402 pos 0.5093116 0.5695207
216.3396 pos 0.6551613 0.5287972
216.439 pos 0.7809616 0.4944294
216.5386 pos 0.8594242 0.4720964
216.638 pos 0.8754988 0.4658063
216.7376 pos 0.8548225 0.4674679
216.8371 pos 0.7455854 0.5008963
216.9366 pos 0.5569347 0.5342947
217.0363 pos 0.3952386 0.5636004
217.1356 pos 0.3294939 0.5727091
217.2351 pos 0.3241488 0.5750405
217.3346 pos 0.3096442 0.5793617
217.4341 pos 0.2787933 0.5850678
217.5337 pos 0.2632747 0.5897213
217.633 pos 0.2620602 0.594604
217.6663 gestureEnd little
218.6777 gestureStart
218.6777 pos 0.2991303 0.5051702
218.7772 pos 0.3489496 0.5251186
218.8767 pos 0.5202095 0.5431964
218.976 pos 0.7009926 0.5569254
219.0755 pos 0.809141 0.5837898
219.175 pos 0.8470412 0.5944185
219.2745 pos 0.8436593 0.5896569
219.374 pos 0.8085912 0.5738428
219.4735 pos 0.6915368 0.5376235
219.573 pos 0.5720866 0.5181143
219.6725 pos 0.498404 0.5005299
219.772 pos 0.4652403 0.4960635
219.8383 gestureEnd dog
220.8678 gestureStart
220.8678 pos 0.5351205 0.3985735
220.9673 pos 0.5019487 0.4426434
221.0669 pos 0.4175173 0.4997239
221.1663 pos 0.3267695 0.5565543
221.2657 pos 0.2680467 0.5918257
221.3651 pos 0.2440975 0.6060266
221.4646 pos 0.2421907 0.6115333
221.4813 gestureEnd be
222.592 gestureStart
222.592 pos -0.2234665 0.3388114
